# Detector n: 1D Projection
  0.0000000000E+00  3.3112582781E-02  2.26902E-06  8.46717E-01
  3.3112582781E-02  6.6225165563E-02  2.22929E-06  8.47592E-01
  6.6225165563E-02  9.9337748344E-02  2.30396E-06  8.51704E-01
  9.9337748344E-02  1.3245033113E-01  2.30863E-06  8.29217E-01
  1.3245033113E-01  1.6556291391E-01  2.28964E-06  8.39982E-01
  1.6556291391E-01  1.9867549669E-01  2.29715E-06  8.45561E-01
  1.9867549669E-01  2.3178807947E-01  2.29904E-06  8.25531E-01
  2.3178807947E-01  2.6490066225E-01  2.25531E-06  8.28931E-01
  2.6490066225E-01  2.9801324503E-01  2.24235E-06  8.12726E-01
  2.9801324503E-01  3.3112582781E-01  2.24295E-06  8.18345E-01
  3.3112582781E-01  3.6423841060E-01  2.25720E-06  8.37418E-01
  3.6423841060E-01  3.9735099338E-01  2.24365E-06  8.21029E-01
  3.9735099338E-01  4.3046357616E-01  2.26908E-06  8.52686E-01
  4.3046357616E-01  4.6357615894E-01  2.28993E-06  8.24755E-01
  4.6357615894E-01  4.9668874172E-01  2.27038E-06  8.48674E-01
  4.9668874172E-01  5.2980132450E-01  2.24791E-06  8.45153E-01
  5.2980132450E-01  5.6291390728E-01  2.25146E-06  8.61991E-01
  5.6291390728E-01  5.9602649007E-01  2.24519E-06  8.71551E-01
  5.9602649007E-01  6.2913907285E-01  2.25151E-06  8.47486E-01
  6.2913907285E-01  6.6225165563E-01  2.23085E-06  8.50393E-01
  6.6225165563E-01  6.9536423841E-01  2.19997E-06  8.59289E-01
  6.9536423841E-01  7.2847682119E-01  2.19602E-06  8.20354E-01
  7.2847682119E-01  7.6158940397E-01  2.16045E-06  8.56388E-01
  7.6158940397E-01  7.9470198675E-01  2.15450E-06  8.19483E-01
  7.9470198675E-01  8.2781456954E-01  2.18076E-06  8.77953E-01
  8.2781456954E-01  8.6092715232E-01  2.11678E-06  8.79884E-01
  8.6092715232E-01  8.9403973510E-01  2.14946E-06  8.70884E-01
  8.9403973510E-01  9.2715231788E-01  2.11385E-06  9.03849E-01
  9.2715231788E-01  9.6026490066E-01  2.10369E-06  9.16807E-01
  9.6026490066E-01  9.9337748344E-01  2.06264E-06  9.05202E-01
  9.9337748344E-01  1.0264900662E+00  2.06535E-06  9.00122E-01
  1.0264900662E+00  1.0596026490E+00  2.05195E-06  8.86883E-01
  1.0596026490E+00  1.0927152318E+00  2.03683E-06  9.32803E-01
  1.0927152318E+00  1.1258278146E+00  1.99522E-06  9.15096E-01
  1.1258278146E+00  1.1589403974E+00  1.99390E-06  9.17774E-01
  1.1589403974E+00  1.1920529801E+00  2.02855E-06  9.01787E-01
  1.1920529801E+00  1.2251655629E+00  1.99814E-06  9.04078E-01
  1.2251655629E+00  1.2582781457E+00  2.04197E-06  9.23292E-01
  1.2582781457E+00  1.2913907285E+00  1.96811E-06  9.45955E-01
  1.2913907285E+00  1.3245033113E+00  1.94144E-06  9.55794E-01
  1.3245033113E+00  1.3576158940E+00  1.92031E-06  9.61086E-01
  1.3576158940E+00  1.3907284768E+00  1.89818E-06  9.22662E-01
  1.3907284768E+00  1.4238410596E+00  1.91588E-06  9.23613E-01
  1.4238410596E+00  1.4569536424E+00  1.88498E-06  9.15900E-01
  1.4569536424E+00  1.4900662252E+00  1.82583E-06  9.18300E-01
  1.4900662252E+00  1.5231788079E+00  1.81229E-06  9.66431E-01
  1.5231788079E+00  1.5562913907E+00  1.78761E-06  1.00751E+00
  1.5562913907E+00  1.5894039735E+00  1.73983E-06  9.83628E-01
  1.5894039735E+00  1.6225165563E+00  1.69927E-06  9.71168E-01
  1.6225165563E+00  1.6556291391E+00  1.63751E-06  9.87301E-01
  1.6556291391E+00  1.6887417219E+00  1.64567E-06  9.86643E-01
  1.6887417219E+00  1.7218543046E+00  1.65702E-06  9.80911E-01
  1.7218543046E+00  1.7549668874E+00  1.59696E-06  1.03568E+00
  1.7549668874E+00  1.7880794702E+00  1.56367E-06  1.04203E+00
  1.7880794702E+00  1.8211920530E+00  1.50323E-06  1.02993E+00
  1.8211920530E+00  1.8543046358E+00  1.47177E-06  1.06711E+00
  1.8543046358E+00  1.8874172185E+00  1.44241E-06  1.03722E+00
  1.8874172185E+00  1.9205298013E+00  1.42954E-06  1.01686E+00
  1.9205298013E+00  1.9536423841E+00  1.36252E-06  1.08177E+00
  1.9536423841E+00  1.9867549669E+00  1.34322E-06  1.11651E+00
  1.9867549669E+00  2.0198675497E+00  1.31093E-06  1.10734E+00
  2.0198675497E+00  2.0529801325E+00  1.25938E-06  1.10385E+00
  2.0529801325E+00  2.0860927152E+00  1.18520E-06  1.15057E+00
  2.0860927152E+00  2.1192052980E+00  1.13841E-06  1.18242E+00
  2.1192052980E+00  2.1523178808E+00  1.12699E-06  1.21309E+00
  2.1523178808E+00  2.1854304636E+00  1.06609E-06  1.18762E+00
  2.1854304636E+00  2.2185430464E+00  1.01939E-06  1.29024E+00
  2.2185430464E+00  2.2516556291E+00  9.72084E-07  1.24848E+00
  2.2516556291E+00  2.2847682119E+00  9.16916E-07  1.28746E+00
  2.2847682119E+00  2.3178807947E+00  8.57634E-07  1.42877E+00
  2.3178807947E+00  2.3509933775E+00  7.94993E-07  1.52837E+00
  2.3509933775E+00  2.3841059603E+00  6.95451E-07  1.47776E+00
  2.3841059603E+00  2.4172185430E+00  6.53733E-07  1.56298E+00
  2.4172185430E+00  2.4503311258E+00  5.74130E-07  1.64051E+00
  2.4503311258E+00  2.4834437086E+00  5.00966E-07  1.73338E+00
  2.4834437086E+00  2.5165562914E+00  4.14269E-07  1.82379E+00
  2.5165562914E+00  2.5496688742E+00  3.77590E-07  1.92608E+00
  2.5496688742E+00  2.5827814570E+00  3.31952E-07  2.00787E+00
  2.5827814570E+00  2.6158940397E+00  2.91860E-07  2.23443E+00
  2.6158940397E+00  2.6490066225E+00  2.47293E-07  2.22426E+00
  2.6490066225E+00  2.6821192053E+00  2.26308E-07  2.37331E+00
  2.6821192053E+00  2.7152317881E+00  2.04588E-07  2.47605E+00
  2.7152317881E+00  2.7483443709E+00  1.86958E-07  2.51562E+00
  2.7483443709E+00  2.7814569536E+00  1.64351E-07  2.70523E+00
  2.7814569536E+00  2.8145695364E+00  1.48120E-07  2.93789E+00
  2.8145695364E+00  2.8476821192E+00  1.35624E-07  2.91335E+00
  2.8476821192E+00  2.8807947020E+00  1.24541E-07  3.10955E+00
  2.8807947020E+00  2.9139072848E+00  1.15053E-07  3.22267E+00
  2.9139072848E+00  2.9470198675E+00  1.09807E-07  3.43625E+00
  2.9470198675E+00  2.9801324503E+00  9.88931E-08  3.51903E+00
  2.9801324503E+00  3.0132450331E+00  8.56169E-08  3.72793E+00
  3.0132450331E+00  3.0463576159E+00  7.95539E-08  4.01044E+00
  3.0463576159E+00  3.0794701987E+00  7.06027E-08  4.18255E+00
  3.0794701987E+00  3.1125827815E+00  6.70389E-08  4.11893E+00
  3.1125827815E+00  3.1456953642E+00  6.11519E-08  4.37258E+00
  3.1456953642E+00  3.1788079470E+00  5.30359E-08  4.74722E+00
  3.1788079470E+00  3.2119205298E+00  4.74613E-08  5.17400E+00
  3.2119205298E+00  3.2450331126E+00  4.44572E-08  5.51680E+00
  3.2450331126E+00  3.2781456954E+00  3.87886E-08  5.77861E+00
  3.2781456954E+00  3.3112582781E+00  3.98158E-08  5.77333E+00
  3.3112582781E+00  3.3443708609E+00  3.18177E-08  6.23924E+00
  3.3443708609E+00  3.3774834437E+00  2.99603E-08  6.71481E+00
  3.3774834437E+00  3.4105960265E+00  3.08055E-08  6.49500E+00
  3.4105960265E+00  3.4437086093E+00  2.72697E-08  6.84302E+00
  3.4437086093E+00  3.4768211921E+00  2.60745E-08  7.06467E+00
  3.4768211921E+00  3.5099337748E+00  2.26258E-08  7.86540E+00
  3.5099337748E+00  3.5430463576E+00  2.22327E-08  7.54516E+00
  3.5430463576E+00  3.5761589404E+00  2.29104E-08  7.60529E+00
  3.5761589404E+00  3.6092715232E+00  2.16254E-08  8.09347E+00
  3.6092715232E+00  3.6423841060E+00  1.80115E-08  8.12491E+00
  3.6423841060E+00  3.6754966887E+00  1.89756E-08  8.93218E+00
  3.6754966887E+00  3.7086092715E+00  1.36556E-08  9.63092E+00
  3.7086092715E+00  3.7417218543E+00  1.36883E-08  9.35655E+00
  3.7417218543E+00  3.7748344371E+00  1.52486E-08  9.88252E+00
  3.7748344371E+00  3.8079470199E+00  1.22063E-08  9.97679E+00
  3.8079470199E+00  3.8410596026E+00  1.39733E-08  1.03324E+01
  3.8410596026E+00  3.8741721854E+00  1.26740E-08  1.03561E+01
  3.8741721854E+00  3.9072847682E+00  1.20592E-08  1.01794E+01
  3.9072847682E+00  3.9403973510E+00  8.55699E-09  1.23448E+01
  3.9403973510E+00  3.9735099338E+00  7.87050E-09  1.22595E+01
  3.9735099338E+00  4.0066225166E+00  7.41880E-09  1.27922E+01
  4.0066225166E+00  4.0397350993E+00  8.20468E-09  1.31974E+01
  4.0397350993E+00  4.0728476821E+00  7.76646E-09  1.23301E+01
  4.0728476821E+00  4.1059602649E+00  8.16288E-09  1.25198E+01
  4.1059602649E+00  4.1390728477E+00  7.49035E-09  1.37789E+01
  4.1390728477E+00  4.1721854305E+00  8.49956E-09  1.24744E+01
  4.1721854305E+00  4.2052980132E+00  7.36005E-09  1.28348E+01
  4.2052980132E+00  4.2384105960E+00  7.86173E-09  1.31519E+01
  4.2384105960E+00  4.2715231788E+00  7.02811E-09  1.36358E+01
  4.2715231788E+00  4.3046357616E+00  7.17371E-09  1.36593E+01
  4.3046357616E+00  4.3377483444E+00  6.71146E-09  1.52834E+01
  4.3377483444E+00  4.3708609272E+00  5.23792E-09  1.48458E+01
  4.3708609272E+00  4.4039735099E+00  7.09185E-09  1.30870E+01
  4.4039735099E+00  4.4370860927E+00  6.09314E-09  1.53788E+01
  4.4370860927E+00  4.4701986755E+00  5.42128E-09  1.58215E+01
  4.4701986755E+00  4.5033112583E+00  6.13139E-09  1.41861E+01
  4.5033112583E+00  4.5364238411E+00  6.29849E-09  1.46215E+01
  4.5364238411E+00  4.5695364238E+00  6.34804E-09  1.58083E+01
  4.5695364238E+00  4.6026490066E+00  4.62295E-09  1.51732E+01
  4.6026490066E+00  4.6357615894E+00  5.05288E-09  1.62039E+01
  4.6357615894E+00  4.6688741722E+00  4.26421E-09  1.60978E+01
  4.6688741722E+00  4.7019867550E+00  4.10390E-09  1.70937E+01
  4.7019867550E+00  4.7350993377E+00  5.28313E-09  1.66622E+01
  4.7350993377E+00  4.7682119205E+00  4.71668E-09  1.73626E+01
  4.7682119205E+00  4.8013245033E+00  3.53891E-09  1.69188E+01
  4.8013245033E+00  4.8344370861E+00  3.35335E-09  2.02379E+01
  4.8344370861E+00  4.8675496689E+00  5.35684E-09  1.55855E+01
  4.8675496689E+00  4.9006622517E+00  3.02903E-09  2.01032E+01
  4.9006622517E+00  4.9337748344E+00  5.93059E-09  1.40467E+01
  4.9337748344E+00  4.9668874172E+00  4.89013E-09  1.61435E+01
  4.9668874172E+00  5.0000000000E+00  3.99975E-09  1.78449E+01
  5.0000000000E+00  5.0000000000E+00  3.99975E-09  1.78449E+01
