# Detector n: 1D Projection
  0.0000000000E+00  3.3112582781E-02  3.33979E-10  1.76242E+01
  3.3112582781E-02  6.6225165563E-02  3.57169E-10  1.65584E+01
  6.6225165563E-02  9.9337748344E-02  3.98790E-10  1.75279E+01
  9.9337748344E-02  1.3245033113E-01  3.78072E-10  1.59199E+01
  1.3245033113E-01  1.6556291391E-01  3.43294E-10  1.59273E+01
  1.6556291391E-01  1.9867549669E-01  4.00400E-10  1.45305E+01
  1.9867549669E-01  2.3178807947E-01  3.25907E-10  1.73168E+01
  2.3178807947E-01  2.6490066225E-01  3.41435E-10  1.71340E+01
  2.6490066225E-01  2.9801324503E-01  4.18694E-10  1.49928E+01
  2.9801324503E-01  3.3112582781E-01  3.06639E-10  1.65079E+01
  3.3112582781E-01  3.6423841060E-01  3.44587E-10  1.72689E+01
  3.6423841060E-01  3.9735099338E-01  3.18958E-10  1.73426E+01
  3.9735099338E-01  4.3046357616E-01  3.99440E-10  1.49738E+01
  4.3046357616E-01  4.6357615894E-01  2.75261E-10  1.74627E+01
  4.6357615894E-01  4.9668874172E-01  4.05282E-10  1.88887E+01
  4.9668874172E-01  5.2980132450E-01  3.15458E-10  1.81957E+01
  5.2980132450E-01  5.6291390728E-01  3.34508E-10  1.76597E+01
  5.6291390728E-01  5.9602649007E-01  4.15464E-10  1.43471E+01
  5.9602649007E-01  6.2913907285E-01  2.85811E-10  1.65830E+01
  6.2913907285E-01  6.6225165563E-01  3.30655E-10  1.70608E+01
  6.6225165563E-01  6.9536423841E-01  2.91847E-10  1.76162E+01
  6.9536423841E-01  7.2847682119E-01  3.44234E-10  1.79007E+01
  7.2847682119E-01  7.6158940397E-01  3.54492E-10  1.75453E+01
  7.6158940397E-01  7.9470198675E-01  2.44807E-10  1.81586E+01
  7.9470198675E-01  8.2781456954E-01  4.24907E-10  1.67364E+01
  8.2781456954E-01  8.6092715232E-01  4.43682E-10  1.55819E+01
  8.6092715232E-01  8.9403973510E-01  2.94933E-10  1.68169E+01
  8.9403973510E-01  9.2715231788E-01  2.42179E-10  2.04291E+01
  9.2715231788E-01  9.6026490066E-01  2.23826E-10  2.09845E+01
  9.6026490066E-01  9.9337748344E-01  3.04109E-10  1.94580E+01
  9.9337748344E-01  1.0264900662E+00  2.78509E-10  1.81294E+01
  1.0264900662E+00  1.0596026490E+00  2.42882E-10  2.09776E+01
  1.0596026490E+00  1.0927152318E+00  2.11452E-10  1.76175E+01
  1.0927152318E+00  1.1258278146E+00  2.32005E-10  2.01320E+01
  1.1258278146E+00  1.1589403974E+00  2.69822E-10  2.13745E+01
  1.1589403974E+00  1.1920529801E+00  2.60277E-10  1.72613E+01
  1.1920529801E+00  1.2251655629E+00  3.33440E-10  1.66273E+01
  1.2251655629E+00  1.2582781457E+00  2.63061E-10  1.65191E+01
  1.2582781457E+00  1.2913907285E+00  4.61362E-10  1.70694E+01
  1.2913907285E+00  1.3245033113E+00  2.95239E-10  1.69878E+01
  1.3245033113E+00  1.3576158940E+00  3.05217E-10  1.76913E+01
  1.3576158940E+00  1.3907284768E+00  2.75360E-10  1.94740E+01
  1.3907284768E+00  1.4238410596E+00  1.92095E-10  2.09433E+01
  1.4238410596E+00  1.4569536424E+00  2.56915E-10  2.45218E+01
  1.4569536424E+00  1.4900662252E+00  2.10052E-10  1.98021E+01
  1.4900662252E+00  1.5231788079E+00  2.58073E-10  1.94098E+01
  1.5231788079E+00  1.5562913907E+00  2.45920E-10  2.01677E+01
  1.5562913907E+00  1.5894039735E+00  1.79927E-10  1.95572E+01
  1.5894039735E+00  1.6225165563E+00  3.02064E-10  1.56356E+01
  1.6225165563E+00  1.6556291391E+00  3.84879E-10  1.45676E+01
  1.6556291391E+00  1.6887417219E+00  4.21826E-10  1.36232E+01
  1.6887417219E+00  1.7218543046E+00  3.16703E-10  1.54001E+01
  1.7218543046E+00  1.7549668874E+00  4.14576E-10  1.68495E+01
  1.7549668874E+00  1.7880794702E+00  2.52752E-10  2.01729E+01
  1.7880794702E+00  1.8211920530E+00  2.77077E-10  1.85136E+01
  1.8211920530E+00  1.8543046358E+00  2.67088E-10  1.75861E+01
  1.8543046358E+00  1.8874172185E+00  3.49009E-10  1.76519E+01
  1.8874172185E+00  1.9205298013E+00  2.95903E-10  1.84614E+01
  1.9205298013E+00  1.9536423841E+00  3.36942E-10  1.67145E+01
  1.9536423841E+00  1.9867549669E+00  2.32852E-10  2.00252E+01
  1.9867549669E+00  2.0198675497E+00  2.19396E-10  2.02546E+01
  2.0198675497E+00  2.0529801325E+00  2.05472E-10  2.23607E+01
  2.0529801325E+00  2.0860927152E+00  2.27624E-10  1.95168E+01
  2.0860927152E+00  2.1192052980E+00  2.53162E-10  2.14846E+01
  2.1192052980E+00  2.1523178808E+00  2.04216E-10  2.08970E+01
  2.1523178808E+00  2.1854304636E+00  2.69250E-10  2.00882E+01
  2.1854304636E+00  2.2185430464E+00  3.85552E-10  1.82424E+01
  2.2185430464E+00  2.2516556291E+00  2.69807E-10  2.06040E+01
  2.2516556291E+00  2.2847682119E+00  2.13948E-10  2.03564E+01
  2.2847682119E+00  2.3178807947E+00  2.20274E-10  2.10359E+01
  2.3178807947E+00  2.3509933775E+00  3.25126E-10  1.89417E+01
  2.3509933775E+00  2.3841059603E+00  3.50607E-10  1.69240E+01
  2.3841059603E+00  2.4172185430E+00  2.81266E-10  1.94352E+01
  2.4172185430E+00  2.4503311258E+00  2.83293E-10  1.90909E+01
  2.4503311258E+00  2.4834437086E+00  2.37157E-10  1.90007E+01
  2.4834437086E+00  2.5165562914E+00  2.86358E-10  1.65683E+01
  2.5165562914E+00  2.5496688742E+00  2.62527E-10  1.84762E+01
  2.5496688742E+00  2.5827814570E+00  2.66324E-10  1.93621E+01
  2.5827814570E+00  2.6158940397E+00  1.93781E-10  2.11846E+01
  2.6158940397E+00  2.6490066225E+00  2.05087E-10  2.25979E+01
  2.6490066225E+00  2.6821192053E+00  2.43148E-10  2.05585E+01
  2.6821192053E+00  2.7152317881E+00  2.45213E-10  1.78361E+01
  2.7152317881E+00  2.7483443709E+00  2.01726E-10  2.10283E+01
  2.7483443709E+00  2.7814569536E+00  2.78550E-10  1.83564E+01
  2.7814569536E+00  2.8145695364E+00  3.29228E-10  1.60013E+01
  2.8145695364E+00  2.8476821192E+00  2.02717E-10  2.39854E+01
  2.8476821192E+00  2.8807947020E+00  2.04441E-10  2.22570E+01
  2.8807947020E+00  2.9139072848E+00  7.46317E-11  2.98147E+01
  2.9139072848E+00  2.9470198675E+00  1.35790E-10  2.55404E+01
  2.9470198675E+00  2.9801324503E+00  1.41648E-10  2.83240E+01
  2.9801324503E+00  3.0132450331E+00  1.65344E-10  2.36387E+01
  3.0132450331E+00  3.0463576159E+00  2.39871E-10  2.17629E+01
  3.0463576159E+00  3.0794701987E+00  1.62864E-10  2.32275E+01
  3.0794701987E+00  3.1125827815E+00  2.67959E-10  2.07962E+01
  3.1125827815E+00  3.1456953642E+00  2.33859E-10  1.85146E+01
  3.1456953642E+00  3.1788079470E+00  2.16829E-10  2.21938E+01
  3.1788079470E+00  3.2119205298E+00  1.73146E-10  2.00036E+01
  3.2119205298E+00  3.2450331126E+00  1.80681E-10  2.05802E+01
  3.2450331126E+00  3.2781456954E+00  1.75401E-10  1.94296E+01
  3.2781456954E+00  3.3112582781E+00  1.33201E-10  2.98923E+01
  3.3112582781E+00  3.3443708609E+00  1.93232E-10  2.54665E+01
  3.3443708609E+00  3.3774834437E+00  1.65351E-10  2.36319E+01
  3.3774834437E+00  3.4105960265E+00  2.36407E-10  2.22059E+01
  3.4105960265E+00  3.4437086093E+00  2.70756E-10  2.04921E+01
  3.4437086093E+00  3.4768211921E+00  2.25513E-10  2.04337E+01
  3.4768211921E+00  3.5099337748E+00  2.68624E-10  1.79317E+01
  3.5099337748E+00  3.5430463576E+00  2.65160E-10  2.09637E+01
  3.5430463576E+00  3.5761589404E+00  1.26757E-10  2.37302E+01
  3.5761589404E+00  3.6092715232E+00  1.44847E-10  2.68388E+01
  3.6092715232E+00  3.6423841060E+00  1.17033E-10  2.69596E+01
  3.6423841060E+00  3.6754966887E+00  1.47935E-10  2.26647E+01
  3.6754966887E+00  3.7086092715E+00  2.30750E-10  1.85853E+01
  3.7086092715E+00  3.7417218543E+00  1.00423E-10  2.70838E+01
  3.7417218543E+00  3.7748344371E+00  1.66106E-10  2.43290E+01
  3.7748344371E+00  3.8079470199E+00  1.02883E-10  2.98380E+01
  3.8079470199E+00  3.8410596026E+00  1.44333E-10  2.79191E+01
  3.8410596026E+00  3.8741721854E+00  8.38708E-11  2.99438E+01
  3.8741721854E+00  3.9072847682E+00  1.07410E-10  2.87033E+01
  3.9072847682E+00  3.9403973510E+00  1.12817E-10  2.65304E+01
  3.9403973510E+00  3.9735099338E+00  7.24074E-11  2.76960E+01
  3.9735099338E+00  4.0066225166E+00  1.41632E-10  2.73190E+01
  4.0066225166E+00  4.0397350993E+00  9.50929E-11  3.12470E+01
  4.0397350993E+00  4.0728476821E+00  1.52375E-10  2.28101E+01
  4.0728476821E+00  4.1059602649E+00  2.40575E-10  2.07663E+01
  4.1059602649E+00  4.1390728477E+00  1.33481E-10  2.12632E+01
  4.1390728477E+00  4.1721854305E+00  1.34767E-10  2.36243E+01
  4.1721854305E+00  4.2052980132E+00  6.16980E-11  3.69448E+01
  4.2052980132E+00  4.2384105960E+00  7.71680E-11  3.35351E+01
  4.2384105960E+00  4.2715231788E+00  7.15414E-11  3.45621E+01
  4.2715231788E+00  4.3046357616E+00  9.47930E-11  3.33107E+01
  4.3046357616E+00  4.3377483444E+00  7.79133E-11  3.34806E+01
  4.3377483444E+00  4.3708609272E+00  3.14685E-11  4.10528E+01
  4.3708609272E+00  4.4039735099E+00  3.92888E-11  3.32989E+01
  4.4039735099E+00  4.4370860927E+00  1.02418E-10  3.05688E+01
  4.4370860927E+00  4.4701986755E+00  1.15869E-10  2.37948E+01
  4.4701986755E+00  4.5033112583E+00  7.13025E-11  2.89258E+01
  4.5033112583E+00  4.5364238411E+00  6.11332E-11  3.14607E+01
  4.5364238411E+00  4.5695364238E+00  1.07214E-10  3.51179E+01
  4.5695364238E+00  4.6026490066E+00  7.30982E-11  3.14727E+01
  4.6026490066E+00  4.6357615894E+00  8.80573E-11  2.48656E+01
  4.6357615894E+00  4.6688741722E+00  1.66434E-11  7.13186E+01
  4.6688741722E+00  4.7019867550E+00  3.85518E-11  5.06408E+01
  4.7019867550E+00  4.7350993377E+00  3.35192E-11  6.53757E+01
  4.7350993377E+00  4.7682119205E+00  7.25079E-11  4.93283E+01
  4.7682119205E+00  4.8013245033E+00  1.08365E-11  7.25109E+01
  4.8013245033E+00  4.8344370861E+00  8.36363E-13  7.44277E+01
  4.8344370861E+00  4.8675496689E+00  0.00000E+00  0.00000E+00
  4.8675496689E+00  4.9006622517E+00  0.00000E+00  0.00000E+00
  4.9006622517E+00  4.9337748344E+00  0.00000E+00  0.00000E+00
  4.9337748344E+00  4.9668874172E+00  1.37628E-11  6.78673E+01
  4.9668874172E+00  5.0000000000E+00  1.21281E-11  6.04021E+01
  5.0000000000E+00  5.0000000000E+00  1.21281E-11  6.04021E+01
