# Detector n: 1D Projection
  0.0000000000E+00  3.3112582781E-02  9.46026E-10  3.42450E+00
  3.3112582781E-02  6.6225165563E-02  8.98436E-10  3.48672E+00
  6.6225165563E-02  9.9337748344E-02  8.69291E-10  3.44025E+00
  9.9337748344E-02  1.3245033113E-01  8.46446E-10  3.52682E+00
  1.3245033113E-01  1.6556291391E-01  8.46055E-10  3.45638E+00
  1.6556291391E-01  1.9867549669E-01  8.37127E-10  3.55641E+00
  1.9867549669E-01  2.3178807947E-01  8.59211E-10  3.53226E+00
  2.3178807947E-01  2.6490066225E-01  8.88790E-10  3.46217E+00
  2.6490066225E-01  2.9801324503E-01  8.38342E-10  3.58787E+00
  2.9801324503E-01  3.3112582781E-01  8.01642E-10  3.68532E+00
  3.3112582781E-01  3.6423841060E-01  8.12036E-10  3.72588E+00
  3.6423841060E-01  3.9735099338E-01  8.04988E-10  3.62451E+00
  3.9735099338E-01  4.3046357616E-01  8.46567E-10  3.59340E+00
  4.3046357616E-01  4.6357615894E-01  8.62381E-10  3.48781E+00
  4.6357615894E-01  4.9668874172E-01  9.15844E-10  3.47357E+00
  4.9668874172E-01  5.2980132450E-01  8.42539E-10  3.59013E+00
  5.2980132450E-01  5.6291390728E-01  8.69325E-10  3.65895E+00
  5.6291390728E-01  5.9602649007E-01  8.36075E-10  3.45782E+00
  5.9602649007E-01  6.2913907285E-01  8.85077E-10  3.51520E+00
  6.2913907285E-01  6.6225165563E-01  8.92093E-10  3.54347E+00
  6.6225165563E-01  6.9536423841E-01  8.89706E-10  3.47227E+00
  6.9536423841E-01  7.2847682119E-01  8.56828E-10  3.47155E+00
  7.2847682119E-01  7.6158940397E-01  8.17277E-10  3.69902E+00
  7.6158940397E-01  7.9470198675E-01  8.35181E-10  3.61518E+00
  7.9470198675E-01  8.2781456954E-01  8.63835E-10  3.58733E+00
  8.2781456954E-01  8.6092715232E-01  8.35109E-10  3.60890E+00
  8.6092715232E-01  8.9403973510E-01  8.87591E-10  3.51286E+00
  8.9403973510E-01  9.2715231788E-01  9.49129E-10  3.47062E+00
  9.2715231788E-01  9.6026490066E-01  8.94916E-10  3.47681E+00
  9.6026490066E-01  9.9337748344E-01  8.27349E-10  3.60189E+00
  9.9337748344E-01  1.0264900662E+00  8.16585E-10  3.69192E+00
  1.0264900662E+00  1.0596026490E+00  8.24554E-10  3.66075E+00
  1.0596026490E+00  1.0927152318E+00  7.84484E-10  3.66057E+00
  1.0927152318E+00  1.1258278146E+00  8.06524E-10  3.68413E+00
  1.1258278146E+00  1.1589403974E+00  7.99118E-10  3.64844E+00
  1.1589403974E+00  1.1920529801E+00  7.64136E-10  3.69049E+00
  1.1920529801E+00  1.2251655629E+00  7.69391E-10  3.71817E+00
  1.2251655629E+00  1.2582781457E+00  8.84081E-10  3.57845E+00
  1.2582781457E+00  1.2913907285E+00  8.30038E-10  3.67480E+00
  1.2913907285E+00  1.3245033113E+00  8.15749E-10  3.73723E+00
  1.3245033113E+00  1.3576158940E+00  7.87755E-10  3.77319E+00
  1.3576158940E+00  1.3907284768E+00  7.33896E-10  3.81433E+00
  1.3907284768E+00  1.4238410596E+00  7.27210E-10  3.77956E+00
  1.4238410596E+00  1.4569536424E+00  7.43680E-10  3.81875E+00
  1.4569536424E+00  1.4900662252E+00  7.56116E-10  3.76999E+00
  1.4900662252E+00  1.5231788079E+00  7.35954E-10  3.88886E+00
  1.5231788079E+00  1.5562913907E+00  7.09393E-10  3.95700E+00
  1.5562913907E+00  1.5894039735E+00  6.73757E-10  4.02079E+00
  1.5894039735E+00  1.6225165563E+00  7.25811E-10  3.84407E+00
  1.6225165563E+00  1.6556291391E+00  7.17978E-10  3.96050E+00
  1.6556291391E+00  1.6887417219E+00  7.22363E-10  3.79779E+00
  1.6887417219E+00  1.7218543046E+00  7.06504E-10  3.89348E+00
  1.7218543046E+00  1.7549668874E+00  7.24178E-10  3.81822E+00
  1.7549668874E+00  1.7880794702E+00  7.69788E-10  3.69715E+00
  1.7880794702E+00  1.8211920530E+00  8.34442E-10  3.57825E+00
  1.8211920530E+00  1.8543046358E+00  8.10842E-10  3.64763E+00
  1.8543046358E+00  1.8874172185E+00  7.78569E-10  3.72456E+00
  1.8874172185E+00  1.9205298013E+00  7.16787E-10  3.93711E+00
  1.9205298013E+00  1.9536423841E+00  7.53179E-10  3.88004E+00
  1.9536423841E+00  1.9867549669E+00  6.60185E-10  3.92541E+00
  1.9867549669E+00  2.0198675497E+00  6.50843E-10  4.16004E+00
  2.0198675497E+00  2.0529801325E+00  5.76076E-10  4.14110E+00
  2.0529801325E+00  2.0860927152E+00  6.56502E-10  4.00413E+00
  2.0860927152E+00  2.1192052980E+00  6.19360E-10  4.13612E+00
  2.1192052980E+00  2.1523178808E+00  6.61570E-10  4.14493E+00
  2.1523178808E+00  2.1854304636E+00  6.37763E-10  4.16822E+00
  2.1854304636E+00  2.2185430464E+00  6.26865E-10  4.13779E+00
  2.2185430464E+00  2.2516556291E+00  6.46343E-10  4.11505E+00
  2.2516556291E+00  2.2847682119E+00  6.03396E-10  4.09871E+00
  2.2847682119E+00  2.3178807947E+00  5.61088E-10  4.30410E+00
  2.3178807947E+00  2.3509933775E+00  5.78130E-10  4.26280E+00
  2.3509933775E+00  2.3841059603E+00  5.64929E-10  4.31168E+00
  2.3841059603E+00  2.4172185430E+00  6.18071E-10  4.17072E+00
  2.4172185430E+00  2.4503311258E+00  5.46141E-10  4.38784E+00
  2.4503311258E+00  2.4834437086E+00  5.38765E-10  4.39607E+00
  2.4834437086E+00  2.5165562914E+00  5.81897E-10  4.29669E+00
  2.5165562914E+00  2.5496688742E+00  5.61109E-10  4.31947E+00
  2.5496688742E+00  2.5827814570E+00  5.61894E-10  4.39367E+00
  2.5827814570E+00  2.6158940397E+00  5.21218E-10  4.57791E+00
  2.6158940397E+00  2.6490066225E+00  4.99061E-10  4.65341E+00
  2.6490066225E+00  2.6821192053E+00  5.09082E-10  4.54394E+00
  2.6821192053E+00  2.7152317881E+00  4.78933E-10  4.67109E+00
  2.7152317881E+00  2.7483443709E+00  5.09737E-10  4.56841E+00
  2.7483443709E+00  2.7814569536E+00  5.20528E-10  4.52208E+00
  2.7814569536E+00  2.8145695364E+00  5.25803E-10  4.49587E+00
  2.8145695364E+00  2.8476821192E+00  4.58332E-10  4.79610E+00
  2.8476821192E+00  2.8807947020E+00  5.36336E-10  4.55380E+00
  2.8807947020E+00  2.9139072848E+00  4.61908E-10  4.89716E+00
  2.9139072848E+00  2.9470198675E+00  4.10623E-10  4.99472E+00
  2.9470198675E+00  2.9801324503E+00  4.09757E-10  4.82552E+00
  2.9801324503E+00  3.0132450331E+00  4.00937E-10  5.04095E+00
  3.0132450331E+00  3.0463576159E+00  4.42068E-10  5.03120E+00
  3.0463576159E+00  3.0794701987E+00  4.28574E-10  5.00513E+00
  3.0794701987E+00  3.1125827815E+00  3.45177E-10  5.47783E+00
  3.1125827815E+00  3.1456953642E+00  3.52582E-10  5.62926E+00
  3.1456953642E+00  3.1788079470E+00  3.54265E-10  5.76962E+00
  3.1788079470E+00  3.2119205298E+00  3.22507E-10  5.83119E+00
  3.2119205298E+00  3.2450331126E+00  3.23789E-10  5.84777E+00
  3.2450331126E+00  3.2781456954E+00  2.85127E-10  6.13340E+00
  3.2781456954E+00  3.3112582781E+00  2.45960E-10  7.03256E+00
  3.3112582781E+00  3.3443708609E+00  2.28470E-10  6.85610E+00
  3.3443708609E+00  3.3774834437E+00  2.31085E-10  6.71948E+00
  3.3774834437E+00  3.4105960265E+00  1.93662E-10  7.56643E+00
  3.4105960265E+00  3.4437086093E+00  1.76603E-10  7.90776E+00
  3.4437086093E+00  3.4768211921E+00  1.56079E-10  7.97327E+00
  3.4768211921E+00  3.5099337748E+00  1.26374E-10  8.81525E+00
  3.5099337748E+00  3.5430463576E+00  1.04312E-10  1.01002E+01
  3.5430463576E+00  3.5761589404E+00  1.09827E-10  8.96328E+00
  3.5761589404E+00  3.6092715232E+00  9.76467E-11  9.81167E+00
  3.6092715232E+00  3.6423841060E+00  8.56553E-11  1.03221E+01
  3.6423841060E+00  3.6754966887E+00  8.00131E-11  1.05481E+01
  3.6754966887E+00  3.7086092715E+00  8.07241E-11  1.16270E+01
  3.7086092715E+00  3.7417218543E+00  7.43035E-11  1.16334E+01
  3.7417218543E+00  3.7748344371E+00  7.43654E-11  1.17157E+01
  3.7748344371E+00  3.8079470199E+00  6.54472E-11  1.19821E+01
  3.8079470199E+00  3.8410596026E+00  8.45588E-11  1.09251E+01
  3.8410596026E+00  3.8741721854E+00  7.23934E-11  1.13291E+01
  3.8741721854E+00  3.9072847682E+00  4.91952E-11  1.29721E+01
  3.9072847682E+00  3.9403973510E+00  5.97555E-11  1.21942E+01
  3.9403973510E+00  3.9735099338E+00  8.46153E-11  1.05164E+01
  3.9735099338E+00  4.0066225166E+00  8.25345E-11  1.15247E+01
  4.0066225166E+00  4.0397350993E+00  6.02811E-11  1.30695E+01
  4.0397350993E+00  4.0728476821E+00  5.71459E-11  1.26356E+01
  4.0728476821E+00  4.1059602649E+00  3.76966E-11  1.55055E+01
  4.1059602649E+00  4.1390728477E+00  4.68862E-11  1.59584E+01
  4.1390728477E+00  4.1721854305E+00  3.71348E-11  1.39729E+01
  4.1721854305E+00  4.2052980132E+00  4.54383E-11  1.38283E+01
  4.2052980132E+00  4.2384105960E+00  5.79239E-11  1.30438E+01
  4.2384105960E+00  4.2715231788E+00  6.55107E-11  1.20960E+01
  4.2715231788E+00  4.3046357616E+00  6.84512E-11  1.22778E+01
  4.3046357616E+00  4.3377483444E+00  3.75550E-11  1.51339E+01
  4.3377483444E+00  4.3708609272E+00  4.97141E-11  1.44397E+01
  4.3708609272E+00  4.4039735099E+00  4.25824E-11  1.49352E+01
  4.4039735099E+00  4.4370860927E+00  3.16671E-11  1.56373E+01
  4.4370860927E+00  4.4701986755E+00  3.88156E-11  1.52887E+01
  4.4701986755E+00  4.5033112583E+00  3.25207E-11  1.74520E+01
  4.5033112583E+00  4.5364238411E+00  4.63348E-11  1.39652E+01
  4.5364238411E+00  4.5695364238E+00  4.61845E-11  1.45761E+01
  4.5695364238E+00  4.6026490066E+00  4.73477E-11  1.46161E+01
  4.6026490066E+00  4.6357615894E+00  4.45987E-11  1.40895E+01
  4.6357615894E+00  4.6688741722E+00  4.01730E-11  1.54621E+01
  4.6688741722E+00  4.7019867550E+00  3.39159E-11  1.66410E+01
  4.7019867550E+00  4.7350993377E+00  3.54858E-11  1.54489E+01
  4.7350993377E+00  4.7682119205E+00  2.76297E-11  1.71636E+01
  4.7682119205E+00  4.8013245033E+00  3.90719E-11  1.47027E+01
  4.8013245033E+00  4.8344370861E+00  3.92497E-11  1.79707E+01
  4.8344370861E+00  4.8675496689E+00  4.38447E-11  1.36386E+01
  4.8675496689E+00  4.9006622517E+00  3.85536E-11  1.47606E+01
  4.9006622517E+00  4.9337748344E+00  4.12161E-11  1.46354E+01
  4.9337748344E+00  4.9668874172E+00  4.31886E-11  1.44378E+01
  4.9668874172E+00  5.0000000000E+00  4.48869E-11  1.43243E+01
  5.0000000000E+00  5.0000000000E+00  4.48869E-11  1.43243E+01
