# Detector n: 1D Projection
  0.0000000000E+00  2.5409836066E-01  6.64736E-10  3.55838E+00
  2.5409836066E-01  5.0819672131E-01  1.02055E-09  2.91832E+00
  5.0819672131E-01  7.6229508197E-01  1.13196E-09  2.67931E+00
  7.6229508197E-01  1.0163934426E+00  1.27592E-09  2.53635E+00
  1.0163934426E+00  1.2704918033E+00  1.28881E-09  2.53129E+00
  1.2704918033E+00  1.5245901639E+00  1.35712E-09  2.48777E+00
  1.5245901639E+00  1.7786885246E+00  1.25251E-09  2.58582E+00
  1.7786885246E+00  2.0327868852E+00  1.31559E-09  2.46118E+00
  2.0327868852E+00  2.2868852459E+00  1.31890E-09  2.50893E+00
  2.2868852459E+00  2.5409836066E+00  1.17993E-09  2.67243E+00
  2.5409836066E+00  2.7950819672E+00  1.19177E-09  2.68840E+00
  2.7950819672E+00  3.0491803279E+00  1.23696E-09  2.54043E+00
  3.0491803279E+00  3.3032786885E+00  1.17623E-09  2.66665E+00
  3.3032786885E+00  3.5573770492E+00  1.18292E-09  2.64271E+00
  3.5573770492E+00  3.8114754098E+00  1.14471E-09  2.65992E+00
  3.8114754098E+00  4.0655737705E+00  1.08421E-09  2.76724E+00
  4.0655737705E+00  4.3196721311E+00  1.12048E-09  2.71165E+00
  4.3196721311E+00  4.5737704918E+00  1.16444E-09  2.66210E+00
  4.5737704918E+00  4.8278688525E+00  1.04752E-09  2.78358E+00
  4.8278688525E+00  5.0819672131E+00  1.06961E-09  2.76112E+00
  5.0819672131E+00  5.3360655738E+00  1.04405E-09  2.80469E+00
  5.3360655738E+00  5.5901639344E+00  1.04544E-09  2.85224E+00
  5.5901639344E+00  5.8442622951E+00  1.00420E-09  2.88839E+00
  5.8442622951E+00  6.0983606557E+00  1.09351E-09  2.71796E+00
  6.0983606557E+00  6.3524590164E+00  9.95933E-10  2.94890E+00
  6.3524590164E+00  6.6065573770E+00  9.57587E-10  2.92129E+00
  6.6065573770E+00  6.8606557377E+00  1.05268E-09  2.80575E+00
  6.8606557377E+00  7.1147540984E+00  9.82790E-10  2.85822E+00
  7.1147540984E+00  7.3688524590E+00  1.01315E-09  2.86020E+00
  7.3688524590E+00  7.6229508197E+00  9.20323E-10  2.93668E+00
  7.6229508197E+00  7.8770491803E+00  1.09999E-09  2.76089E+00
  7.8770491803E+00  8.1311475410E+00  9.15976E-10  3.06447E+00
  8.1311475410E+00  8.3852459016E+00  9.64206E-10  2.97005E+00
  8.3852459016E+00  8.6393442623E+00  8.93131E-10  3.10461E+00
  8.6393442623E+00  8.8934426230E+00  8.61574E-10  3.02662E+00
  8.8934426230E+00  9.1475409836E+00  8.52154E-10  3.09884E+00
  9.1475409836E+00  9.4016393443E+00  8.38574E-10  3.02004E+00
  9.4016393443E+00  9.6557377049E+00  8.82718E-10  3.02184E+00
  9.6557377049E+00  9.9098360656E+00  8.73786E-10  3.06298E+00
  9.9098360656E+00  1.0163934426E+01  9.81424E-10  2.80184E+00
  1.0163934426E+01  1.0418032787E+01  8.46905E-10  3.07305E+00
  1.0418032787E+01  1.0672131148E+01  7.99221E-10  3.26091E+00
  1.0672131148E+01  1.0926229508E+01  7.29816E-10  3.28555E+00
  1.0926229508E+01  1.1180327869E+01  7.67248E-10  3.30492E+00
  1.1180327869E+01  1.1434426230E+01  6.81450E-10  3.42752E+00
  1.1434426230E+01  1.1688524590E+01  7.78649E-10  3.16434E+00
  1.1688524590E+01  1.1942622951E+01  7.91517E-10  3.23970E+00
  1.1942622951E+01  1.2196721311E+01  7.09415E-10  3.40552E+00
  1.2196721311E+01  1.2450819672E+01  6.49605E-10  3.57278E+00
  1.2450819672E+01  1.2704918033E+01  7.02120E-10  3.45853E+00
  1.2704918033E+01  1.2959016393E+01  7.14858E-10  3.39557E+00
  1.2959016393E+01  1.3213114754E+01  6.86216E-10  3.39865E+00
  1.3213114754E+01  1.3467213115E+01  7.55947E-10  3.22523E+00
  1.3467213115E+01  1.3721311475E+01  7.03841E-10  3.37663E+00
  1.3721311475E+01  1.3975409836E+01  6.64786E-10  3.56866E+00
  1.3975409836E+01  1.4229508197E+01  7.13445E-10  3.45410E+00
  1.4229508197E+01  1.4483606557E+01  7.17753E-10  3.37087E+00
  1.4483606557E+01  1.4737704918E+01  6.97797E-10  3.36898E+00
  1.4737704918E+01  1.4991803279E+01  6.69723E-10  3.51864E+00
  1.4991803279E+01  1.5245901639E+01  6.27684E-10  3.61520E+00
  1.5245901639E+01  1.5500000000E+01  6.08200E-10  3.77779E+00
  1.5500000000E+01  1.5754098361E+01  5.88659E-10  3.72978E+00
  1.5754098361E+01  1.6008196721E+01  6.12558E-10  3.60622E+00
  1.6008196721E+01  1.6262295082E+01  5.79980E-10  3.75020E+00
  1.6262295082E+01  1.6516393443E+01  5.23514E-10  3.94964E+00
  1.6516393443E+01  1.6770491803E+01  5.04263E-10  3.97736E+00
  1.6770491803E+01  1.7024590164E+01  6.64421E-10  3.38757E+00
  1.7024590164E+01  1.7278688525E+01  6.65852E-10  3.42299E+00
  1.7278688525E+01  1.7532786885E+01  5.57252E-10  3.80786E+00
  1.7532786885E+01  1.7786885246E+01  5.47401E-10  3.84487E+00
  1.7786885246E+01  1.8040983607E+01  5.37061E-10  3.85061E+00
  1.8040983607E+01  1.8295081967E+01  5.50121E-10  3.86248E+00
  1.8295081967E+01  1.8549180328E+01  5.51912E-10  3.80547E+00
  1.8549180328E+01  1.8803278689E+01  5.83735E-10  3.77692E+00
  1.8803278689E+01  1.9057377049E+01  5.66640E-10  3.71938E+00
  1.9057377049E+01  1.9311475410E+01  5.57746E-10  3.78181E+00
  1.9311475410E+01  1.9565573770E+01  4.76690E-10  4.05137E+00
  1.9565573770E+01  1.9819672131E+01  4.75395E-10  4.09535E+00
  1.9819672131E+01  2.0073770492E+01  4.46880E-10  4.24706E+00
  2.0073770492E+01  2.0327868852E+01  4.56079E-10  4.38065E+00
  2.0327868852E+01  2.0581967213E+01  4.37064E-10  4.16949E+00
  2.0581967213E+01  2.0836065574E+01  5.09757E-10  4.04718E+00
  2.0836065574E+01  2.1090163934E+01  3.79660E-10  4.76447E+00
  2.1090163934E+01  2.1344262295E+01  3.75652E-10  4.67822E+00
  2.1344262295E+01  2.1598360656E+01  4.43329E-10  4.39524E+00
  2.1598360656E+01  2.1852459016E+01  4.97044E-10  4.00394E+00
  2.1852459016E+01  2.2106557377E+01  4.52284E-10  4.27253E+00
  2.2106557377E+01  2.2360655738E+01  4.69101E-10  4.12068E+00
  2.2360655738E+01  2.2614754098E+01  3.98873E-10  4.51274E+00
  2.2614754098E+01  2.2868852459E+01  3.86709E-10  4.60061E+00
  2.2868852459E+01  2.3122950820E+01  4.18471E-10  4.48021E+00
  2.3122950820E+01  2.3377049180E+01  3.53919E-10  4.79364E+00
  2.3377049180E+01  2.3631147541E+01  3.74739E-10  4.82368E+00
  2.3631147541E+01  2.3885245902E+01  4.60394E-10  4.37233E+00
  2.3885245902E+01  2.4139344262E+01  4.42997E-10  4.30150E+00
  2.4139344262E+01  2.4393442623E+01  4.60086E-10  4.12184E+00
  2.4393442623E+01  2.4647540984E+01  3.76505E-10  4.54116E+00
  2.4647540984E+01  2.4901639344E+01  3.70103E-10  4.58274E+00
  2.4901639344E+01  2.5155737705E+01  3.96501E-10  4.59590E+00
  2.5155737705E+01  2.5409836066E+01  3.38535E-10  4.94017E+00
  2.5409836066E+01  2.5663934426E+01  3.13592E-10  5.29301E+00
  2.5663934426E+01  2.5918032787E+01  3.51853E-10  4.88315E+00
  2.5918032787E+01  2.6172131148E+01  3.46096E-10  4.88672E+00
  2.6172131148E+01  2.6426229508E+01  3.61629E-10  4.75144E+00
  2.6426229508E+01  2.6680327869E+01  3.38288E-10  5.00098E+00
  2.6680327869E+01  2.6934426230E+01  2.96270E-10  5.50177E+00
  2.6934426230E+01  2.7188524590E+01  3.20527E-10  5.02628E+00
  2.7188524590E+01  2.7442622951E+01  2.62474E-10  5.48468E+00
  2.7442622951E+01  2.7696721311E+01  3.32161E-10  5.02940E+00
  2.7696721311E+01  2.7950819672E+01  3.17852E-10  5.01992E+00
  2.7950819672E+01  2.8204918033E+01  3.09978E-10  5.01018E+00
  2.8204918033E+01  2.8459016393E+01  2.92354E-10  5.44632E+00
  2.8459016393E+01  2.8713114754E+01  2.76052E-10  5.46247E+00
  2.8713114754E+01  2.8967213115E+01  2.64121E-10  5.33855E+00
  2.8967213115E+01  2.9221311475E+01  2.46916E-10  5.62304E+00
  2.9221311475E+01  2.9475409836E+01  3.30760E-10  4.90213E+00
  2.9475409836E+01  2.9729508197E+01  3.36369E-10  4.99428E+00
  2.9729508197E+01  2.9983606557E+01  3.07095E-10  5.32251E+00
  2.9983606557E+01  3.0237704918E+01  2.55233E-10  5.81157E+00
  3.0237704918E+01  3.0491803279E+01  2.93376E-10  5.20392E+00
  3.0491803279E+01  3.0745901639E+01  2.67394E-10  5.51674E+00
  3.0745901639E+01  3.1000000000E+01  2.85940E-10  5.21037E+00
  3.1000000000E+01  3.1000000000E+01  2.85940E-10  5.21037E+00
