# Detector n: 1D Projection
  0.0000000000E+00  3.3112582781E-02  1.55155E-06  3.69778E+00
  3.3112582781E-02  6.6225165563E-02  1.34997E-06  3.83797E+00
  6.6225165563E-02  9.9337748344E-02  1.40585E-06  3.87080E+00
  9.9337748344E-02  1.3245033113E-01  1.35604E-06  3.86985E+00
  1.3245033113E-01  1.6556291391E-01  1.34726E-06  3.97435E+00
  1.6556291391E-01  1.9867549669E-01  1.32445E-06  3.92002E+00
  1.9867549669E-01  2.3178807947E-01  1.30816E-06  3.90228E+00
  2.3178807947E-01  2.6490066225E-01  1.42062E-06  3.95563E+00
  2.6490066225E-01  2.9801324503E-01  1.44074E-06  3.66038E+00
  2.9801324503E-01  3.3112582781E-01  1.39690E-06  3.64099E+00
  3.3112582781E-01  3.6423841060E-01  1.47724E-06  3.77716E+00
  3.6423841060E-01  3.9735099338E-01  1.50977E-06  3.61258E+00
  3.9735099338E-01  4.3046357616E-01  1.55684E-06  3.76092E+00
  4.3046357616E-01  4.6357615894E-01  1.49498E-06  3.97343E+00
  4.6357615894E-01  4.9668874172E-01  1.44585E-06  3.90782E+00
  4.9668874172E-01  5.2980132450E-01  1.39551E-06  3.81347E+00
  5.2980132450E-01  5.6291390728E-01  1.50356E-06  3.95118E+00
  5.6291390728E-01  5.9602649007E-01  1.47578E-06  3.95777E+00
  5.9602649007E-01  6.2913907285E-01  1.37417E-06  4.03312E+00
  6.2913907285E-01  6.6225165563E-01  1.20354E-06  4.14126E+00
  6.6225165563E-01  6.9536423841E-01  1.23174E-06  4.14656E+00
  6.9536423841E-01  7.2847682119E-01  1.25760E-06  4.17888E+00
  7.2847682119E-01  7.6158940397E-01  1.21491E-06  4.45937E+00
  7.6158940397E-01  7.9470198675E-01  1.28630E-06  3.99990E+00
  7.9470198675E-01  8.2781456954E-01  1.33663E-06  3.90188E+00
  8.2781456954E-01  8.6092715232E-01  1.31469E-06  4.06842E+00
  8.6092715232E-01  8.9403973510E-01  1.28632E-06  4.01459E+00
  8.9403973510E-01  9.2715231788E-01  1.29312E-06  4.12816E+00
  9.2715231788E-01  9.6026490066E-01  1.23411E-06  4.27910E+00
  9.6026490066E-01  9.9337748344E-01  1.16872E-06  4.09230E+00
  9.9337748344E-01  1.0264900662E+00  1.29573E-06  3.88936E+00
  1.0264900662E+00  1.0596026490E+00  1.20829E-06  4.12189E+00
  1.0596026490E+00  1.0927152318E+00  1.16844E-06  4.36339E+00
  1.0927152318E+00  1.1258278146E+00  1.21856E-06  4.19460E+00
  1.1258278146E+00  1.1589403974E+00  1.30899E-06  4.17920E+00
  1.1589403974E+00  1.1920529801E+00  1.21696E-06  4.18454E+00
  1.1920529801E+00  1.2251655629E+00  1.22382E-06  4.21125E+00
  1.2251655629E+00  1.2582781457E+00  1.16914E-06  4.10808E+00
  1.2582781457E+00  1.2913907285E+00  1.14688E-06  4.40071E+00
  1.2913907285E+00  1.3245033113E+00  1.07788E-06  4.41506E+00
  1.3245033113E+00  1.3576158940E+00  1.06317E-06  4.44321E+00
  1.3576158940E+00  1.3907284768E+00  1.19225E-06  4.37684E+00
  1.3907284768E+00  1.4238410596E+00  1.22262E-06  4.18343E+00
  1.4238410596E+00  1.4569536424E+00  1.24112E-06  4.09335E+00
  1.4569536424E+00  1.4900662252E+00  1.17911E-06  4.01026E+00
  1.4900662252E+00  1.5231788079E+00  1.04671E-06  4.24217E+00
  1.5231788079E+00  1.5562913907E+00  9.64340E-07  4.73158E+00
  1.5562913907E+00  1.5894039735E+00  1.00538E-06  4.72821E+00
  1.5894039735E+00  1.6225165563E+00  1.04211E-06  4.54149E+00
  1.6225165563E+00  1.6556291391E+00  9.59565E-07  4.93124E+00
  1.6556291391E+00  1.6887417219E+00  1.02029E-06  4.59739E+00
  1.6887417219E+00  1.7218543046E+00  1.00931E-06  4.73688E+00
  1.7218543046E+00  1.7549668874E+00  9.08218E-07  4.82183E+00
  1.7549668874E+00  1.7880794702E+00  9.50009E-07  4.92037E+00
  1.7880794702E+00  1.8211920530E+00  9.91047E-07  4.82549E+00
  1.8211920530E+00  1.8543046358E+00  8.79750E-07  4.96673E+00
  1.8543046358E+00  1.8874172185E+00  9.15687E-07  4.59818E+00
  1.8874172185E+00  1.9205298013E+00  8.89573E-07  5.17028E+00
  1.9205298013E+00  1.9536423841E+00  7.98015E-07  5.14426E+00
  1.9536423841E+00  1.9867549669E+00  8.01037E-07  5.54058E+00
  1.9867549669E+00  2.0198675497E+00  7.47463E-07  5.63766E+00
  2.0198675497E+00  2.0529801325E+00  8.55818E-07  5.25533E+00
  2.0529801325E+00  2.0860927152E+00  7.38503E-07  5.32698E+00
  2.0860927152E+00  2.1192052980E+00  7.26991E-07  5.47894E+00
  2.1192052980E+00  2.1523178808E+00  6.85460E-07  5.42331E+00
  2.1523178808E+00  2.1854304636E+00  6.71782E-07  5.29945E+00
  2.1854304636E+00  2.2185430464E+00  6.67180E-07  5.77240E+00
  2.2185430464E+00  2.2516556291E+00  6.78569E-07  5.65018E+00
  2.2516556291E+00  2.2847682119E+00  5.73815E-07  5.74385E+00
  2.2847682119E+00  2.3178807947E+00  5.08254E-07  6.09952E+00
  2.3178807947E+00  2.3509933775E+00  5.29042E-07  6.24745E+00
  2.3509933775E+00  2.3841059603E+00  4.93311E-07  6.54675E+00
  2.3841059603E+00  2.4172185430E+00  4.46679E-07  6.62928E+00
  2.4172185430E+00  2.4503311258E+00  3.92699E-07  7.13648E+00
  2.4503311258E+00  2.4834437086E+00  3.88623E-07  7.40007E+00
  2.4834437086E+00  2.5165562914E+00  3.03231E-07  7.58545E+00
  2.5165562914E+00  2.5496688742E+00  2.88252E-07  7.63965E+00
  2.5496688742E+00  2.5827814570E+00  2.52146E-07  7.69391E+00
  2.5827814570E+00  2.6158940397E+00  2.32985E-07  8.58711E+00
  2.6158940397E+00  2.6490066225E+00  2.30286E-07  8.14604E+00
  2.6490066225E+00  2.6821192053E+00  1.98794E-07  8.76483E+00
  2.6821192053E+00  2.7152317881E+00  2.32890E-07  9.38368E+00
  2.7152317881E+00  2.7483443709E+00  1.87451E-07  1.05274E+01
  2.7483443709E+00  2.7814569536E+00  2.03310E-07  9.30945E+00
  2.7814569536E+00  2.8145695364E+00  1.87165E-07  9.76271E+00
  2.8145695364E+00  2.8476821192E+00  1.74822E-07  1.10416E+01
  2.8476821192E+00  2.8807947020E+00  1.34312E-07  1.16646E+01
  2.8807947020E+00  2.9139072848E+00  1.32230E-07  1.17887E+01
  2.9139072848E+00  2.9470198675E+00  1.09962E-07  1.18793E+01
  2.9470198675E+00  2.9801324503E+00  1.35758E-07  1.33918E+01
  2.9801324503E+00  3.0132450331E+00  1.25141E-07  1.26800E+01
  3.0132450331E+00  3.0463576159E+00  1.37831E-07  1.26961E+01
  3.0463576159E+00  3.0794701987E+00  1.28766E-07  1.26945E+01
  3.0794701987E+00  3.1125827815E+00  1.27536E-07  1.15001E+01
  3.1125827815E+00  3.1456953642E+00  1.29032E-07  1.23599E+01
  3.1456953642E+00  3.1788079470E+00  1.10289E-07  1.30416E+01
  3.1788079470E+00  3.2119205298E+00  1.00619E-07  1.34527E+01
  3.2119205298E+00  3.2450331126E+00  1.14463E-07  1.28951E+01
  3.2450331126E+00  3.2781456954E+00  8.05972E-08  1.45997E+01
  3.2781456954E+00  3.3112582781E+00  9.24735E-08  1.46858E+01
  3.3112582781E+00  3.3443708609E+00  8.13918E-08  1.63344E+01
  3.3443708609E+00  3.3774834437E+00  5.63154E-08  1.66807E+01
  3.3774834437E+00  3.4105960265E+00  5.94923E-08  1.85762E+01
  3.4105960265E+00  3.4437086093E+00  6.04521E-08  1.66229E+01
  3.4437086093E+00  3.4768211921E+00  6.92665E-08  1.98218E+01
  3.4768211921E+00  3.5099337748E+00  5.95457E-08  1.76744E+01
  3.5099337748E+00  3.5430463576E+00  3.85062E-08  2.36703E+01
  3.5430463576E+00  3.5761589404E+00  5.27111E-08  1.89905E+01
  3.5761589404E+00  3.6092715232E+00  5.26042E-08  2.08281E+01
  3.6092715232E+00  3.6423841060E+00  5.72398E-08  1.89686E+01
  3.6423841060E+00  3.6754966887E+00  5.61590E-08  1.85310E+01
  3.6754966887E+00  3.7086092715E+00  4.96530E-08  2.05947E+01
  3.7086092715E+00  3.7417218543E+00  6.24924E-08  1.61396E+01
  3.7417218543E+00  3.7748344371E+00  6.17123E-08  1.70824E+01
  3.7748344371E+00  3.8079470199E+00  4.20240E-08  1.89125E+01
  3.8079470199E+00  3.8410596026E+00  3.90361E-08  2.22317E+01
  3.8410596026E+00  3.8741721854E+00  5.42538E-08  2.06173E+01
  3.8741721854E+00  3.9072847682E+00  5.31524E-08  2.09464E+01
  3.9072847682E+00  3.9403973510E+00  4.28711E-08  2.06875E+01
  3.9403973510E+00  3.9735099338E+00  3.82359E-08  2.34612E+01
  3.9735099338E+00  4.0066225166E+00  4.73771E-08  1.76686E+01
  4.0066225166E+00  4.0397350993E+00  5.51372E-08  1.85311E+01
  4.0397350993E+00  4.0728476821E+00  3.99617E-08  2.34747E+01
  4.0728476821E+00  4.1059602649E+00  3.13901E-08  2.10378E+01
  4.1059602649E+00  4.1390728477E+00  3.95540E-08  2.21921E+01
  4.1390728477E+00  4.1721854305E+00  5.08823E-08  2.00084E+01
  4.1721854305E+00  4.2052980132E+00  4.37064E-08  2.36887E+01
  4.2052980132E+00  4.2384105960E+00  3.68923E-08  2.15515E+01
  4.2384105960E+00  4.2715231788E+00  3.89691E-08  1.92329E+01
  4.2715231788E+00  4.3046357616E+00  3.72431E-08  2.18578E+01
  4.3046357616E+00  4.3377483444E+00  3.49829E-08  2.16838E+01
  4.3377483444E+00  4.3708609272E+00  4.85283E-08  2.06677E+01
  4.3708609272E+00  4.4039735099E+00  3.40265E-08  2.41937E+01
  4.4039735099E+00  4.4370860927E+00  3.68388E-08  2.19819E+01
  4.4370860927E+00  4.4701986755E+00  3.48182E-08  2.59598E+01
  4.4701986755E+00  4.5033112583E+00  6.44192E-08  1.77194E+01
  4.5033112583E+00  4.5364238411E+00  4.08481E-08  2.31801E+01
  4.5364238411E+00  4.5695364238E+00  3.07241E-08  2.19253E+01
  4.5695364238E+00  4.6026490066E+00  2.79803E-08  2.57483E+01
  4.6026490066E+00  4.6357615894E+00  2.32067E-08  2.56273E+01
  4.6357615894E+00  4.6688741722E+00  3.64631E-08  2.28845E+01
  4.6688741722E+00  4.7019867550E+00  2.69283E-08  2.22081E+01
  4.7019867550E+00  4.7350993377E+00  3.22265E-08  2.15011E+01
  4.7350993377E+00  4.7682119205E+00  2.80964E-08  2.27880E+01
  4.7682119205E+00  4.8013245033E+00  2.75187E-08  2.24425E+01
  4.8013245033E+00  4.8344370861E+00  4.97712E-08  1.96210E+01
  4.8344370861E+00  4.8675496689E+00  5.01932E-08  1.92686E+01
  4.8675496689E+00  4.9006622517E+00  4.25624E-08  2.45388E+01
  4.9006622517E+00  4.9337748344E+00  2.77741E-08  2.44286E+01
  4.9337748344E+00  4.9668874172E+00  3.05036E-08  2.93256E+01
  4.9668874172E+00  5.0000000000E+00  3.41256E-08  2.57941E+01
  5.0000000000E+00  5.0000000000E+00  3.41256E-08  2.57941E+01
