# Detector n: 1D Projection
  0.0000000000E+00  2.5409836066E-01  6.24537E-10  4.56048E+00
  2.5409836066E-01  5.0819672131E-01  9.59418E-10  3.68832E+00
  5.0819672131E-01  7.6229508197E-01  1.13659E-09  3.30840E+00
  7.6229508197E-01  1.0163934426E+00  1.16378E-09  3.22753E+00
  1.0163934426E+00  1.2704918033E+00  1.30787E-09  3.09084E+00
  1.2704918033E+00  1.5245901639E+00  1.20543E-09  3.16201E+00
  1.5245901639E+00  1.7786885246E+00  1.32486E-09  3.03495E+00
  1.7786885246E+00  2.0327868852E+00  1.29812E-09  3.09951E+00
  2.0327868852E+00  2.2868852459E+00  1.25046E-09  3.19410E+00
  2.2868852459E+00  2.5409836066E+00  1.16785E-09  3.36022E+00
  2.5409836066E+00  2.7950819672E+00  1.15901E-09  3.36805E+00
  2.7950819672E+00  3.0491803279E+00  1.06505E-09  3.46386E+00
  3.0491803279E+00  3.3032786885E+00  1.17968E-09  3.26268E+00
  3.3032786885E+00  3.5573770492E+00  1.27989E-09  3.05355E+00
  3.5573770492E+00  3.8114754098E+00  1.30773E-09  3.11724E+00
  3.8114754098E+00  4.0655737705E+00  1.21938E-09  3.16000E+00
  4.0655737705E+00  4.3196721311E+00  1.23104E-09  3.18999E+00
  4.3196721311E+00  4.5737704918E+00  1.37739E-09  2.99390E+00
  4.5737704918E+00  4.8278688525E+00  1.31438E-09  3.03205E+00
  4.8278688525E+00  5.0819672131E+00  1.26624E-09  3.12877E+00
  5.0819672131E+00  5.3360655738E+00  1.20174E-09  3.19664E+00
  5.3360655738E+00  5.5901639344E+00  1.24658E-09  3.10074E+00
  5.5901639344E+00  5.8442622951E+00  1.13108E-09  3.27064E+00
  5.8442622951E+00  6.0983606557E+00  1.11062E-09  3.28051E+00
  6.0983606557E+00  6.3524590164E+00  9.85766E-10  3.54719E+00
  6.3524590164E+00  6.6065573770E+00  1.02549E-09  3.35135E+00
  6.6065573770E+00  6.8606557377E+00  9.73491E-10  3.45009E+00
  6.8606557377E+00  7.1147540984E+00  1.05992E-09  3.37273E+00
  7.1147540984E+00  7.3688524590E+00  1.11936E-09  3.39742E+00
  7.3688524590E+00  7.6229508197E+00  9.25728E-10  3.55244E+00
  7.6229508197E+00  7.8770491803E+00  9.41829E-10  3.57861E+00
  7.8770491803E+00  8.1311475410E+00  1.01017E-09  3.44807E+00
  8.1311475410E+00  8.3852459016E+00  8.64275E-10  3.70840E+00
  8.3852459016E+00  8.6393442623E+00  8.27107E-10  3.95670E+00
  8.6393442623E+00  8.8934426230E+00  8.03687E-10  3.95089E+00
  8.8934426230E+00  9.1475409836E+00  8.79387E-10  3.75736E+00
  9.1475409836E+00  9.4016393443E+00  8.98811E-10  3.66038E+00
  9.4016393443E+00  9.6557377049E+00  7.73384E-10  4.07897E+00
  9.6557377049E+00  9.9098360656E+00  7.82988E-10  4.13626E+00
  9.9098360656E+00  1.0163934426E+01  8.04971E-10  3.84481E+00
  1.0163934426E+01  1.0418032787E+01  8.74370E-10  3.72597E+00
  1.0418032787E+01  1.0672131148E+01  7.88357E-10  3.98391E+00
  1.0672131148E+01  1.0926229508E+01  8.89680E-10  3.67232E+00
  1.0926229508E+01  1.1180327869E+01  8.12762E-10  3.92317E+00
  1.1180327869E+01  1.1434426230E+01  8.23299E-10  3.89635E+00
  1.1434426230E+01  1.1688524590E+01  6.81242E-10  4.19208E+00
  1.1688524590E+01  1.1942622951E+01  7.08573E-10  4.01482E+00
  1.1942622951E+01  1.2196721311E+01  6.77320E-10  4.31116E+00
  1.2196721311E+01  1.2450819672E+01  6.90242E-10  4.20970E+00
  1.2450819672E+01  1.2704918033E+01  7.27227E-10  4.09120E+00
  1.2704918033E+01  1.2959016393E+01  6.03452E-10  4.55443E+00
  1.2959016393E+01  1.3213114754E+01  6.98523E-10  4.22051E+00
  1.3213114754E+01  1.3467213115E+01  6.99201E-10  4.22467E+00
  1.3467213115E+01  1.3721311475E+01  7.13375E-10  4.17934E+00
  1.3721311475E+01  1.3975409836E+01  6.95028E-10  4.02524E+00
  1.3975409836E+01  1.4229508197E+01  6.95698E-10  4.15592E+00
  1.4229508197E+01  1.4483606557E+01  5.80241E-10  4.57818E+00
  1.4483606557E+01  1.4737704918E+01  4.73544E-10  5.08735E+00
  1.4737704918E+01  1.4991803279E+01  5.32074E-10  4.77440E+00
  1.4991803279E+01  1.5245901639E+01  5.31962E-10  4.95760E+00
  1.5245901639E+01  1.5500000000E+01  4.64231E-10  5.16125E+00
  1.5500000000E+01  1.5754098361E+01  5.38237E-10  4.81047E+00
  1.5754098361E+01  1.6008196721E+01  5.09747E-10  4.91163E+00
  1.6008196721E+01  1.6262295082E+01  6.36828E-10  4.26642E+00
  1.6262295082E+01  1.6516393443E+01  5.87437E-10  4.45798E+00
  1.6516393443E+01  1.6770491803E+01  6.54849E-10  4.26294E+00
  1.6770491803E+01  1.7024590164E+01  6.56587E-10  4.28228E+00
  1.7024590164E+01  1.7278688525E+01  6.02575E-10  4.40592E+00
  1.7278688525E+01  1.7532786885E+01  4.96847E-10  4.95990E+00
  1.7532786885E+01  1.7786885246E+01  5.46462E-10  4.82299E+00
  1.7786885246E+01  1.8040983607E+01  5.92306E-10  4.64715E+00
  1.8040983607E+01  1.8295081967E+01  6.15751E-10  4.48183E+00
  1.8295081967E+01  1.8549180328E+01  5.41972E-10  4.74666E+00
  1.8549180328E+01  1.8803278689E+01  6.14423E-10  4.56958E+00
  1.8803278689E+01  1.9057377049E+01  5.56407E-10  4.67775E+00
  1.9057377049E+01  1.9311475410E+01  5.29276E-10  4.72290E+00
  1.9311475410E+01  1.9565573770E+01  4.98225E-10  5.05930E+00
  1.9565573770E+01  1.9819672131E+01  5.02593E-10  4.83096E+00
  1.9819672131E+01  2.0073770492E+01  5.41872E-10  4.82322E+00
  2.0073770492E+01  2.0327868852E+01  4.86347E-10  5.11184E+00
  2.0327868852E+01  2.0581967213E+01  6.12672E-10  4.58343E+00
  2.0581967213E+01  2.0836065574E+01  4.00966E-10  5.60172E+00
  2.0836065574E+01  2.1090163934E+01  4.38199E-10  5.47631E+00
  2.1090163934E+01  2.1344262295E+01  5.29864E-10  4.88858E+00
  2.1344262295E+01  2.1598360656E+01  4.36702E-10  5.18971E+00
  2.1598360656E+01  2.1852459016E+01  4.79170E-10  4.99297E+00
  2.1852459016E+01  2.2106557377E+01  3.79330E-10  5.69382E+00
  2.2106557377E+01  2.2360655738E+01  4.13980E-10  5.77094E+00
  2.2360655738E+01  2.2614754098E+01  3.80437E-10  5.55485E+00
  2.2614754098E+01  2.2868852459E+01  3.80004E-10  5.58622E+00
  2.2868852459E+01  2.3122950820E+01  3.97339E-10  5.54275E+00
  2.3122950820E+01  2.3377049180E+01  4.42098E-10  5.36765E+00
  2.3377049180E+01  2.3631147541E+01  4.82519E-10  5.04956E+00
  2.3631147541E+01  2.3885245902E+01  3.79646E-10  5.75035E+00
  2.3885245902E+01  2.4139344262E+01  3.98757E-10  5.63869E+00
  2.4139344262E+01  2.4393442623E+01  3.10281E-10  6.25266E+00
  2.4393442623E+01  2.4647540984E+01  3.35735E-10  5.95243E+00
  2.4647540984E+01  2.4901639344E+01  3.32002E-10  5.99460E+00
  2.4901639344E+01  2.5155737705E+01  3.70430E-10  5.61881E+00
  2.5155737705E+01  2.5409836066E+01  3.22291E-10  5.95943E+00
  2.5409836066E+01  2.5663934426E+01  4.47083E-10  5.03630E+00
  2.5663934426E+01  2.5918032787E+01  3.62307E-10  5.60376E+00
  2.5918032787E+01  2.6172131148E+01  3.05941E-10  6.72986E+00
  2.6172131148E+01  2.6426229508E+01  2.94219E-10  6.70545E+00
  2.6426229508E+01  2.6680327869E+01  3.61149E-10  5.58974E+00
  2.6680327869E+01  2.6934426230E+01  2.42486E-10  6.95412E+00
  2.6934426230E+01  2.7188524590E+01  2.54173E-10  6.59427E+00
  2.7188524590E+01  2.7442622951E+01  4.21876E-10  5.32722E+00
  2.7442622951E+01  2.7696721311E+01  3.06376E-10  6.13549E+00
  2.7696721311E+01  2.7950819672E+01  2.60210E-10  7.05074E+00
  2.7950819672E+01  2.8204918033E+01  2.44301E-10  7.17297E+00
  2.8204918033E+01  2.8459016393E+01  2.98320E-10  6.62681E+00
  2.8459016393E+01  2.8713114754E+01  3.43973E-10  6.24260E+00
  2.8713114754E+01  2.8967213115E+01  3.11344E-10  6.37690E+00
  2.8967213115E+01  2.9221311475E+01  2.95487E-10  6.49795E+00
  2.9221311475E+01  2.9475409836E+01  2.87991E-10  6.34119E+00
  2.9475409836E+01  2.9729508197E+01  2.91652E-10  6.56181E+00
  2.9729508197E+01  2.9983606557E+01  3.49146E-10  5.95075E+00
  2.9983606557E+01  3.0237704918E+01  3.86926E-10  5.58679E+00
  3.0237704918E+01  3.0491803279E+01  3.23064E-10  6.08293E+00
  3.0491803279E+01  3.0745901639E+01  2.55740E-10  7.11294E+00
  3.0745901639E+01  3.1000000000E+01  2.08396E-10  8.07271E+00
  3.1000000000E+01  3.1000000000E+01  2.08396E-10  8.07271E+00
