# Detector n: 1D Projection
  0.0000000000E+00  3.3112582781E-02  0.00000E+00  0.00000E+00
  3.3112582781E-02  6.6225165563E-02  0.00000E+00  0.00000E+00
  6.6225165563E-02  9.9337748344E-02  0.00000E+00  0.00000E+00
  9.9337748344E-02  1.3245033113E-01  0.00000E+00  0.00000E+00
  1.3245033113E-01  1.6556291391E-01  0.00000E+00  0.00000E+00
  1.6556291391E-01  1.9867549669E-01  0.00000E+00  0.00000E+00
  1.9867549669E-01  2.3178807947E-01  0.00000E+00  0.00000E+00
  2.3178807947E-01  2.6490066225E-01  0.00000E+00  0.00000E+00
  2.6490066225E-01  2.9801324503E-01  0.00000E+00  0.00000E+00
  2.9801324503E-01  3.3112582781E-01  0.00000E+00  0.00000E+00
  3.3112582781E-01  3.6423841060E-01  0.00000E+00  0.00000E+00
  3.6423841060E-01  3.9735099338E-01  0.00000E+00  0.00000E+00
  3.9735099338E-01  4.3046357616E-01  0.00000E+00  0.00000E+00
  4.3046357616E-01  4.6357615894E-01  0.00000E+00  0.00000E+00
  4.6357615894E-01  4.9668874172E-01  0.00000E+00  0.00000E+00
  4.9668874172E-01  5.2980132450E-01  0.00000E+00  0.00000E+00
  5.2980132450E-01  5.6291390728E-01  0.00000E+00  0.00000E+00
  5.6291390728E-01  5.9602649007E-01  0.00000E+00  0.00000E+00
  5.9602649007E-01  6.2913907285E-01  0.00000E+00  0.00000E+00
  6.2913907285E-01  6.6225165563E-01  4.97763E-10  1.22474E+02
  6.6225165563E-01  6.9536423841E-01  8.72779E-10  9.33433E+01
  6.9536423841E-01  7.2847682119E-01  8.72778E-10  8.66278E+01
  7.2847682119E-01  7.6158940397E-01  8.89182E-10  9.40559E+01
  7.6158940397E-01  7.9470198675E-01  1.56307E-09  8.67547E+01
  7.9470198675E-01  8.2781456954E-01  5.65326E-09  7.71171E+01
  8.2781456954E-01  8.6092715232E-01  3.95199E-09  6.46344E+01
  8.6092715232E-01  8.9403973510E-01  1.06841E-09  9.19532E+01
  8.9403973510E-01  9.2715231788E-01  9.97140E-10  1.00000E+02
  9.2715231788E-01  9.6026490066E-01  1.63052E-09  1.00000E+02
  9.6026490066E-01  9.9337748344E-01  1.65534E-09  9.21323E+01
  9.9337748344E-01  1.0264900662E+00  4.58638E-09  6.24121E+01
  1.0264900662E+00  1.0596026490E+00  3.16704E-09  6.35424E+01
  1.0596026490E+00  1.0927152318E+00  0.00000E+00  0.00000E+00
  1.0927152318E+00  1.1258278146E+00  0.00000E+00  0.00000E+00
  1.1258278146E+00  1.1589403974E+00  0.00000E+00  0.00000E+00
  1.1589403974E+00  1.1920529801E+00  0.00000E+00  0.00000E+00
  1.1920529801E+00  1.2251655629E+00  0.00000E+00  0.00000E+00
  1.2251655629E+00  1.2582781457E+00  0.00000E+00  0.00000E+00
  1.2582781457E+00  1.2913907285E+00  0.00000E+00  0.00000E+00
  1.2913907285E+00  1.3245033113E+00  0.00000E+00  0.00000E+00
  1.3245033113E+00  1.3576158940E+00  0.00000E+00  0.00000E+00
  1.3576158940E+00  1.3907284768E+00  0.00000E+00  0.00000E+00
  1.3907284768E+00  1.4238410596E+00  0.00000E+00  0.00000E+00
  1.4238410596E+00  1.4569536424E+00  0.00000E+00  0.00000E+00
  1.4569536424E+00  1.4900662252E+00  7.62876E-10  1.00000E+02
  1.4900662252E+00  1.5231788079E+00  0.00000E+00  0.00000E+00
  1.5231788079E+00  1.5562913907E+00  0.00000E+00  0.00000E+00
  1.5562913907E+00  1.5894039735E+00  0.00000E+00  0.00000E+00
  1.5894039735E+00  1.6225165563E+00  0.00000E+00  0.00000E+00
  1.6225165563E+00  1.6556291391E+00  2.42386E-09  1.22474E+02
  1.6556291391E+00  1.6887417219E+00  0.00000E+00  0.00000E+00
  1.6887417219E+00  1.7218543046E+00  0.00000E+00  0.00000E+00
  1.7218543046E+00  1.7549668874E+00  0.00000E+00  0.00000E+00
  1.7549668874E+00  1.7880794702E+00  0.00000E+00  0.00000E+00
  1.7880794702E+00  1.8211920530E+00  4.43645E-09  8.59941E+01
  1.8211920530E+00  1.8543046358E+00  1.38389E-08  4.01208E+01
  1.8543046358E+00  1.8874172185E+00  1.17136E-08  4.51884E+01
  1.8874172185E+00  1.9205298013E+00  5.38024E-09  8.34830E+01
  1.9205298013E+00  1.9536423841E+00  0.00000E+00  0.00000E+00
  1.9536423841E+00  1.9867549669E+00  0.00000E+00  0.00000E+00
  1.9867549669E+00  2.0198675497E+00  0.00000E+00  0.00000E+00
  2.0198675497E+00  2.0529801325E+00  0.00000E+00  0.00000E+00
  2.0529801325E+00  2.0860927152E+00  0.00000E+00  0.00000E+00
  2.0860927152E+00  2.1192052980E+00  0.00000E+00  0.00000E+00
  2.1192052980E+00  2.1523178808E+00  0.00000E+00  0.00000E+00
  2.1523178808E+00  2.1854304636E+00  0.00000E+00  0.00000E+00
  2.1854304636E+00  2.2185430464E+00  0.00000E+00  0.00000E+00
  2.2185430464E+00  2.2516556291E+00  0.00000E+00  0.00000E+00
  2.2516556291E+00  2.2847682119E+00  0.00000E+00  0.00000E+00
  2.2847682119E+00  2.3178807947E+00  0.00000E+00  0.00000E+00
  2.3178807947E+00  2.3509933775E+00  0.00000E+00  0.00000E+00
  2.3509933775E+00  2.3841059603E+00  0.00000E+00  0.00000E+00
  2.3841059603E+00  2.4172185430E+00  0.00000E+00  0.00000E+00
  2.4172185430E+00  2.4503311258E+00  0.00000E+00  0.00000E+00
  2.4503311258E+00  2.4834437086E+00  0.00000E+00  0.00000E+00
  2.4834437086E+00  2.5165562914E+00  0.00000E+00  0.00000E+00
  2.5165562914E+00  2.5496688742E+00  0.00000E+00  0.00000E+00
  2.5496688742E+00  2.5827814570E+00  0.00000E+00  0.00000E+00
  2.5827814570E+00  2.6158940397E+00  0.00000E+00  0.00000E+00
  2.6158940397E+00  2.6490066225E+00  0.00000E+00  0.00000E+00
  2.6490066225E+00  2.6821192053E+00  0.00000E+00  0.00000E+00
  2.6821192053E+00  2.7152317881E+00  0.00000E+00  0.00000E+00
  2.7152317881E+00  2.7483443709E+00  0.00000E+00  0.00000E+00
  2.7483443709E+00  2.7814569536E+00  0.00000E+00  0.00000E+00
  2.7814569536E+00  2.8145695364E+00  0.00000E+00  0.00000E+00
  2.8145695364E+00  2.8476821192E+00  0.00000E+00  0.00000E+00
  2.8476821192E+00  2.8807947020E+00  2.13680E-09  1.22474E+02
  2.8807947020E+00  2.9139072848E+00  9.22997E-10  9.63520E+01
  2.9139072848E+00  2.9470198675E+00  1.57130E-09  9.67725E+01
  2.9470198675E+00  2.9801324503E+00  9.68036E-10  8.91531E+01
  2.9801324503E+00  3.0132450331E+00  7.28932E-10  1.22474E+02
  3.0132450331E+00  3.0463576159E+00  3.63585E-09  8.02243E+01
  3.0463576159E+00  3.0794701987E+00  0.00000E+00  0.00000E+00
  3.0794701987E+00  3.1125827815E+00  1.27829E-09  7.08598E+01
  3.1125827815E+00  3.1456953642E+00  1.11084E-10  1.00000E+02
  3.1456953642E+00  3.1788079470E+00  0.00000E+00  0.00000E+00
  3.1788079470E+00  3.2119205298E+00  0.00000E+00  0.00000E+00
  3.2119205298E+00  3.2450331126E+00  0.00000E+00  0.00000E+00
  3.2450331126E+00  3.2781456954E+00  0.00000E+00  0.00000E+00
  3.2781456954E+00  3.3112582781E+00  0.00000E+00  0.00000E+00
  3.3112582781E+00  3.3443708609E+00  0.00000E+00  0.00000E+00
  3.3443708609E+00  3.3774834437E+00  0.00000E+00  0.00000E+00
  3.3774834437E+00  3.4105960265E+00  0.00000E+00  0.00000E+00
  3.4105960265E+00  3.4437086093E+00  0.00000E+00  0.00000E+00
  3.4437086093E+00  3.4768211921E+00  0.00000E+00  0.00000E+00
  3.4768211921E+00  3.5099337748E+00  0.00000E+00  0.00000E+00
  3.5099337748E+00  3.5430463576E+00  0.00000E+00  0.00000E+00
  3.5430463576E+00  3.5761589404E+00  1.49188E-11  1.22474E+02
  3.5761589404E+00  3.6092715232E+00  0.00000E+00  0.00000E+00
  3.6092715232E+00  3.6423841060E+00  0.00000E+00  0.00000E+00
  3.6423841060E+00  3.6754966887E+00  0.00000E+00  0.00000E+00
  3.6754966887E+00  3.7086092715E+00  0.00000E+00  0.00000E+00
  3.7086092715E+00  3.7417218543E+00  0.00000E+00  0.00000E+00
  3.7417218543E+00  3.7748344371E+00  0.00000E+00  0.00000E+00
  3.7748344371E+00  3.8079470199E+00  0.00000E+00  0.00000E+00
  3.8079470199E+00  3.8410596026E+00  0.00000E+00  0.00000E+00
  3.8410596026E+00  3.8741721854E+00  0.00000E+00  0.00000E+00
  3.8741721854E+00  3.9072847682E+00  0.00000E+00  0.00000E+00
  3.9072847682E+00  3.9403973510E+00  0.00000E+00  0.00000E+00
  3.9403973510E+00  3.9735099338E+00  0.00000E+00  0.00000E+00
  3.9735099338E+00  4.0066225166E+00  0.00000E+00  0.00000E+00
  4.0066225166E+00  4.0397350993E+00  0.00000E+00  0.00000E+00
  4.0397350993E+00  4.0728476821E+00  0.00000E+00  0.00000E+00
  4.0728476821E+00  4.1059602649E+00  0.00000E+00  0.00000E+00
  4.1059602649E+00  4.1390728477E+00  0.00000E+00  0.00000E+00
  4.1390728477E+00  4.1721854305E+00  0.00000E+00  0.00000E+00
  4.1721854305E+00  4.2052980132E+00  0.00000E+00  0.00000E+00
  4.2052980132E+00  4.2384105960E+00  0.00000E+00  0.00000E+00
  4.2384105960E+00  4.2715231788E+00  0.00000E+00  0.00000E+00
  4.2715231788E+00  4.3046357616E+00  0.00000E+00  0.00000E+00
  4.3046357616E+00  4.3377483444E+00  0.00000E+00  0.00000E+00
  4.3377483444E+00  4.3708609272E+00  0.00000E+00  0.00000E+00
  4.3708609272E+00  4.4039735099E+00  0.00000E+00  0.00000E+00
  4.4039735099E+00  4.4370860927E+00  0.00000E+00  0.00000E+00
  4.4370860927E+00  4.4701986755E+00  0.00000E+00  0.00000E+00
  4.4701986755E+00  4.5033112583E+00  0.00000E+00  0.00000E+00
  4.5033112583E+00  4.5364238411E+00  0.00000E+00  0.00000E+00
  4.5364238411E+00  4.5695364238E+00  0.00000E+00  0.00000E+00
  4.5695364238E+00  4.6026490066E+00  0.00000E+00  0.00000E+00
  4.6026490066E+00  4.6357615894E+00  0.00000E+00  0.00000E+00
  4.6357615894E+00  4.6688741722E+00  0.00000E+00  0.00000E+00
  4.6688741722E+00  4.7019867550E+00  0.00000E+00  0.00000E+00
  4.7019867550E+00  4.7350993377E+00  0.00000E+00  0.00000E+00
  4.7350993377E+00  4.7682119205E+00  0.00000E+00  0.00000E+00
  4.7682119205E+00  4.8013245033E+00  0.00000E+00  0.00000E+00
  4.8013245033E+00  4.8344370861E+00  0.00000E+00  0.00000E+00
  4.8344370861E+00  4.8675496689E+00  0.00000E+00  0.00000E+00
  4.8675496689E+00  4.9006622517E+00  0.00000E+00  0.00000E+00
  4.9006622517E+00  4.9337748344E+00  0.00000E+00  0.00000E+00
  4.9337748344E+00  4.9668874172E+00  0.00000E+00  0.00000E+00
  4.9668874172E+00  5.0000000000E+00  0.00000E+00  0.00000E+00
  5.0000000000E+00  5.0000000000E+00  0.00000E+00  0.00000E+00
