# Detector n: 1D Projection
  0.0000000000E+00  3.3112582781E-02  1.04577E-09  1.28772E+01
  3.3112582781E-02  6.6225165563E-02  1.13389E-09  1.38795E+01
  6.6225165563E-02  9.9337748344E-02  1.39752E-09  1.30619E+01
  9.9337748344E-02  1.3245033113E-01  1.38278E-09  1.19400E+01
  1.3245033113E-01  1.6556291391E-01  1.73836E-09  9.69854E+00
  1.6556291391E-01  1.9867549669E-01  1.41112E-09  1.12987E+01
  1.9867549669E-01  2.3178807947E-01  1.39308E-09  1.06600E+01
  2.3178807947E-01  2.6490066225E-01  1.44231E-09  1.11006E+01
  2.6490066225E-01  2.9801324503E-01  1.49050E-09  1.07901E+01
  2.9801324503E-01  3.3112582781E-01  1.34369E-09  1.15365E+01
  3.3112582781E-01  3.6423841060E-01  1.48044E-09  1.25050E+01
  3.6423841060E-01  3.9735099338E-01  1.43851E-09  1.23422E+01
  3.9735099338E-01  4.3046357616E-01  1.01925E-09  1.26319E+01
  4.3046357616E-01  4.6357615894E-01  1.32845E-09  1.30563E+01
  4.6357615894E-01  4.9668874172E-01  1.12191E-09  1.27987E+01
  4.9668874172E-01  5.2980132450E-01  1.36098E-09  1.20441E+01
  5.2980132450E-01  5.6291390728E-01  1.21731E-09  1.31244E+01
  5.6291390728E-01  5.9602649007E-01  1.49753E-09  1.22428E+01
  5.9602649007E-01  6.2913907285E-01  1.01660E-09  1.33384E+01
  6.2913907285E-01  6.6225165563E-01  1.40247E-09  1.18147E+01
  6.6225165563E-01  6.9536423841E-01  1.62750E-09  1.13451E+01
  6.9536423841E-01  7.2847682119E-01  1.42065E-09  1.27676E+01
  7.2847682119E-01  7.6158940397E-01  1.04712E-09  1.51594E+01
  7.6158940397E-01  7.9470198675E-01  1.09192E-09  1.32840E+01
  7.9470198675E-01  8.2781456954E-01  1.15189E-09  1.33972E+01
  8.2781456954E-01  8.6092715232E-01  1.25050E-09  1.36296E+01
  8.6092715232E-01  8.9403973510E-01  1.06170E-09  1.38205E+01
  8.9403973510E-01  9.2715231788E-01  9.44500E-10  1.42690E+01
  9.2715231788E-01  9.6026490066E-01  8.49182E-10  1.55392E+01
  9.6026490066E-01  9.9337748344E-01  8.74598E-10  1.48520E+01
  9.9337748344E-01  1.0264900662E+00  9.67734E-10  1.45211E+01
  1.0264900662E+00  1.0596026490E+00  1.04162E-09  1.28583E+01
  1.0596026490E+00  1.0927152318E+00  1.26353E-09  1.38764E+01
  1.0927152318E+00  1.1258278146E+00  1.30979E-09  1.18593E+01
  1.1258278146E+00  1.1589403974E+00  1.27839E-09  1.24905E+01
  1.1589403974E+00  1.1920529801E+00  1.04666E-09  1.36614E+01
  1.1920529801E+00  1.2251655629E+00  1.04926E-09  1.28253E+01
  1.2251655629E+00  1.2582781457E+00  1.31221E-09  1.32010E+01
  1.2582781457E+00  1.2913907285E+00  1.04787E-09  1.29521E+01
  1.2913907285E+00  1.3245033113E+00  1.34417E-09  1.25064E+01
  1.3245033113E+00  1.3576158940E+00  9.81778E-10  1.39408E+01
  1.3576158940E+00  1.3907284768E+00  1.23381E-09  1.27675E+01
  1.3907284768E+00  1.4238410596E+00  1.09601E-09  1.28519E+01
  1.4238410596E+00  1.4569536424E+00  1.08865E-09  1.27809E+01
  1.4569536424E+00  1.4900662252E+00  9.63762E-10  1.41183E+01
  1.4900662252E+00  1.5231788079E+00  1.23534E-09  1.21933E+01
  1.5231788079E+00  1.5562913907E+00  1.10313E-09  1.31343E+01
  1.5562913907E+00  1.5894039735E+00  1.33009E-09  1.24238E+01
  1.5894039735E+00  1.6225165563E+00  7.63541E-10  1.37131E+01
  1.6225165563E+00  1.6556291391E+00  8.52292E-10  1.56006E+01
  1.6556291391E+00  1.6887417219E+00  1.33881E-09  1.21962E+01
  1.6887417219E+00  1.7218543046E+00  1.01697E-09  1.32682E+01
  1.7218543046E+00  1.7549668874E+00  1.33648E-09  1.32257E+01
  1.7549668874E+00  1.7880794702E+00  8.12372E-10  1.46617E+01
  1.7880794702E+00  1.8211920530E+00  1.06617E-09  1.42462E+01
  1.8211920530E+00  1.8543046358E+00  1.06424E-09  1.29143E+01
  1.8543046358E+00  1.8874172185E+00  1.23461E-09  1.21813E+01
  1.8874172185E+00  1.9205298013E+00  8.35254E-10  1.46215E+01
  1.9205298013E+00  1.9536423841E+00  7.53546E-10  1.51977E+01
  1.9536423841E+00  1.9867549669E+00  1.01769E-09  1.39082E+01
  1.9867549669E+00  2.0198675497E+00  9.79613E-10  1.37001E+01
  2.0198675497E+00  2.0529801325E+00  9.20347E-10  1.27950E+01
  2.0529801325E+00  2.0860927152E+00  9.15196E-10  1.50058E+01
  2.0860927152E+00  2.1192052980E+00  7.74776E-10  1.47267E+01
  2.1192052980E+00  2.1523178808E+00  7.79236E-10  1.54965E+01
  2.1523178808E+00  2.1854304636E+00  7.98551E-10  1.71649E+01
  2.1854304636E+00  2.2185430464E+00  1.11831E-09  1.43805E+01
  2.2185430464E+00  2.2516556291E+00  7.60845E-10  1.50212E+01
  2.2516556291E+00  2.2847682119E+00  6.97249E-10  1.69268E+01
  2.2847682119E+00  2.3178807947E+00  9.98969E-10  1.43625E+01
  2.3178807947E+00  2.3509933775E+00  8.42657E-10  1.53737E+01
  2.3509933775E+00  2.3841059603E+00  7.89474E-10  1.45735E+01
  2.3841059603E+00  2.4172185430E+00  8.04828E-10  1.58331E+01
  2.4172185430E+00  2.4503311258E+00  5.33667E-10  1.84371E+01
  2.4503311258E+00  2.4834437086E+00  5.52811E-10  1.70136E+01
  2.4834437086E+00  2.5165562914E+00  9.59074E-10  1.60487E+01
  2.5165562914E+00  2.5496688742E+00  7.91398E-10  1.48172E+01
  2.5496688742E+00  2.5827814570E+00  5.34429E-10  1.77952E+01
  2.5827814570E+00  2.6158940397E+00  6.09128E-10  1.85382E+01
  2.6158940397E+00  2.6490066225E+00  4.51326E-10  1.87470E+01
  2.6490066225E+00  2.6821192053E+00  5.90927E-10  1.80503E+01
  2.6821192053E+00  2.7152317881E+00  3.76203E-10  2.17469E+01
  2.7152317881E+00  2.7483443709E+00  4.35900E-10  2.12178E+01
  2.7483443709E+00  2.7814569536E+00  6.33039E-10  1.80558E+01
  2.7814569536E+00  2.8145695364E+00  5.45632E-10  2.01462E+01
  2.8145695364E+00  2.8476821192E+00  4.60345E-10  1.92295E+01
  2.8476821192E+00  2.8807947020E+00  3.64239E-10  2.16513E+01
  2.8807947020E+00  2.9139072848E+00  2.98083E-10  2.31431E+01
  2.9139072848E+00  2.9470198675E+00  3.26626E-10  2.23404E+01
  2.9470198675E+00  2.9801324503E+00  3.35089E-10  2.38825E+01
  2.9801324503E+00  3.0132450331E+00  2.73768E-10  2.69862E+01
  3.0132450331E+00  3.0463576159E+00  2.45500E-10  2.73229E+01
  3.0463576159E+00  3.0794701987E+00  8.91418E-11  3.55565E+01
  3.0794701987E+00  3.1125827815E+00  1.74308E-10  3.37632E+01
  3.1125827815E+00  3.1456953642E+00  7.21233E-11  4.75732E+01
  3.1456953642E+00  3.1788079470E+00  7.59414E-11  5.59982E+01
  3.1788079470E+00  3.2119205298E+00  5.91668E-11  5.55000E+01
  3.2119205298E+00  3.2450331126E+00  6.69043E-11  5.59145E+01
  3.2450331126E+00  3.2781456954E+00  4.62648E-11  4.22914E+01
  3.2781456954E+00  3.3112582781E+00  5.66401E-11  4.66151E+01
  3.3112582781E+00  3.3443708609E+00  6.06573E-11  4.31201E+01
  3.3443708609E+00  3.3774834437E+00  5.90461E-11  4.87844E+01
  3.3774834437E+00  3.4105960265E+00  1.20151E-10  3.90421E+01
  3.4105960265E+00  3.4437086093E+00  5.69680E-11  6.12300E+01
  3.4437086093E+00  3.4768211921E+00  3.14076E-11  4.81230E+01
  3.4768211921E+00  3.5099337748E+00  8.58294E-11  5.14537E+01
  3.5099337748E+00  3.5430463576E+00  3.30589E-11  5.36982E+01
  3.5430463576E+00  3.5761589404E+00  2.42153E-11  6.26514E+01
  3.5761589404E+00  3.6092715232E+00  4.09288E-11  7.18364E+01
  3.6092715232E+00  3.6423841060E+00  2.97957E-11  5.20611E+01
  3.6423841060E+00  3.6754966887E+00  1.95460E-11  6.29011E+01
  3.6754966887E+00  3.7086092715E+00  4.67454E-11  5.01875E+01
  3.7086092715E+00  3.7417218543E+00  7.90517E-11  6.52141E+01
  3.7417218543E+00  3.7748344371E+00  3.98609E-11  6.88572E+01
  3.7748344371E+00  3.8079470199E+00  0.00000E+00  0.00000E+00
  3.8079470199E+00  3.8410596026E+00  6.02424E-12  1.00000E+02
  3.8410596026E+00  3.8741721854E+00  1.02495E-11  1.00000E+02
  3.8741721854E+00  3.9072847682E+00  1.20826E-11  6.62321E+01
  3.9072847682E+00  3.9403973510E+00  7.75480E-12  5.45477E+01
  3.9403973510E+00  3.9735099338E+00  9.49866E-12  9.89188E+01
  3.9735099338E+00  4.0066225166E+00  1.32752E-11  1.00000E+02
  4.0066225166E+00  4.0397350993E+00  8.31636E-12  8.05480E+01
  4.0397350993E+00  4.0728476821E+00  8.76910E-12  7.65887E+01
  4.0728476821E+00  4.1059602649E+00  8.20666E-12  1.00000E+02
  4.1059602649E+00  4.1390728477E+00  0.00000E+00  0.00000E+00
  4.1390728477E+00  4.1721854305E+00  1.72519E-11  7.08955E+01
  4.1721854305E+00  4.2052980132E+00  0.00000E+00  0.00000E+00
  4.2052980132E+00  4.2384105960E+00  5.02833E-12  1.00000E+02
  4.2384105960E+00  4.2715231788E+00  0.00000E+00  0.00000E+00
  4.2715231788E+00  4.3046357616E+00  0.00000E+00  0.00000E+00
  4.3046357616E+00  4.3377483444E+00  4.81730E-12  1.00000E+02
  4.3377483444E+00  4.3708609272E+00  1.22643E-11  6.57681E+01
  4.3708609272E+00  4.4039735099E+00  1.46379E-12  1.00000E+02
  4.4039735099E+00  4.4370860927E+00  2.42144E-11  7.15666E+01
  4.4370860927E+00  4.4701986755E+00  2.18700E-11  7.77634E+01
  4.4701986755E+00  4.5033112583E+00  2.19434E-11  7.10675E+01
  4.5033112583E+00  4.5364238411E+00  1.88487E-11  8.62228E+01
  4.5364238411E+00  4.5695364238E+00  6.22355E-12  1.00000E+02
  4.5695364238E+00  4.6026490066E+00  1.31567E-11  8.54778E+01
  4.6026490066E+00  4.6357615894E+00  3.88882E-11  6.50384E+01
  4.6357615894E+00  4.6688741722E+00  9.58079E-12  8.05025E+01
  4.6688741722E+00  4.7019867550E+00  2.59256E-12  8.71582E+01
  4.7019867550E+00  4.7350993377E+00  1.42215E-12  1.00000E+02
  4.7350993377E+00  4.7682119205E+00  1.28422E-11  7.40736E+01
  4.7682119205E+00  4.8013245033E+00  0.00000E+00  0.00000E+00
  4.8013245033E+00  4.8344370861E+00  2.73780E-12  8.68578E+01
  4.8344370861E+00  4.8675496689E+00  1.62791E-11  9.66404E+01
  4.8675496689E+00  4.9006622517E+00  0.00000E+00  0.00000E+00
  4.9006622517E+00  4.9337748344E+00  2.15110E-11  7.16122E+01
  4.9337748344E+00  4.9668874172E+00  1.03345E-11  6.37128E+01
  4.9668874172E+00  5.0000000000E+00  9.92672E-12  1.00000E+02
  5.0000000000E+00  5.0000000000E+00  9.92672E-12  1.00000E+02
