# Detector n: 1D Projection
  0.0000000000E+00  3.3112582781E-02  1.37712E-06  3.74772E-01
  3.3112582781E-02  6.6225165563E-02  1.36628E-06  3.74097E-01
  6.6225165563E-02  9.9337748344E-02  1.35891E-06  3.73318E-01
  9.9337748344E-02  1.3245033113E-01  1.35340E-06  3.79704E-01
  1.3245033113E-01  1.6556291391E-01  1.36049E-06  3.75616E-01
  1.6556291391E-01  1.9867549669E-01  1.35189E-06  3.80064E-01
  1.9867549669E-01  2.3178807947E-01  1.34633E-06  3.75685E-01
  2.3178807947E-01  2.6490066225E-01  1.35717E-06  3.77858E-01
  2.6490066225E-01  2.9801324503E-01  1.35736E-06  3.76156E-01
  2.9801324503E-01  3.3112582781E-01  1.35498E-06  3.85228E-01
  3.3112582781E-01  3.6423841060E-01  1.34893E-06  3.81700E-01
  3.6423841060E-01  3.9735099338E-01  1.34042E-06  3.84162E-01
  3.9735099338E-01  4.3046357616E-01  1.33839E-06  3.78823E-01
  4.3046357616E-01  4.6357615894E-01  1.33146E-06  3.82175E-01
  4.6357615894E-01  4.9668874172E-01  1.33435E-06  3.79901E-01
  4.9668874172E-01  5.2980132450E-01  1.33142E-06  3.84891E-01
  5.2980132450E-01  5.6291390728E-01  1.33121E-06  3.81795E-01
  5.6291390728E-01  5.9602649007E-01  1.31997E-06  3.85160E-01
  5.9602649007E-01  6.2913907285E-01  1.32640E-06  3.80711E-01
  6.2913907285E-01  6.6225165563E-01  1.31994E-06  3.83215E-01
  6.6225165563E-01  6.9536423841E-01  1.30908E-06  3.84077E-01
  6.9536423841E-01  7.2847682119E-01  1.30811E-06  3.84081E-01
  7.2847682119E-01  7.6158940397E-01  1.30881E-06  3.87964E-01
  7.6158940397E-01  7.9470198675E-01  1.29353E-06  3.91784E-01
  7.9470198675E-01  8.2781456954E-01  1.28142E-06  3.86658E-01
  8.2781456954E-01  8.6092715232E-01  1.27929E-06  3.83047E-01
  8.6092715232E-01  8.9403973510E-01  1.26512E-06  3.90253E-01
  8.9403973510E-01  9.2715231788E-01  1.26987E-06  3.90236E-01
  9.2715231788E-01  9.6026490066E-01  1.26927E-06  3.91469E-01
  9.6026490066E-01  9.9337748344E-01  1.26281E-06  3.93503E-01
  9.9337748344E-01  1.0264900662E+00  1.24255E-06  3.91262E-01
  1.0264900662E+00  1.0596026490E+00  1.22154E-06  3.98188E-01
  1.0596026490E+00  1.0927152318E+00  1.22059E-06  4.01410E-01
  1.0927152318E+00  1.1258278146E+00  1.21179E-06  4.05524E-01
  1.1258278146E+00  1.1589403974E+00  1.20169E-06  4.02788E-01
  1.1589403974E+00  1.1920529801E+00  1.19010E-06  3.98206E-01
  1.1920529801E+00  1.2251655629E+00  1.18033E-06  4.03439E-01
  1.2251655629E+00  1.2582781457E+00  1.16189E-06  4.03788E-01
  1.2582781457E+00  1.2913907285E+00  1.15618E-06  4.06678E-01
  1.2913907285E+00  1.3245033113E+00  1.14952E-06  4.08419E-01
  1.3245033113E+00  1.3576158940E+00  1.14024E-06  4.13668E-01
  1.3576158940E+00  1.3907284768E+00  1.13324E-06  4.16140E-01
  1.3907284768E+00  1.4238410596E+00  1.11509E-06  4.12270E-01
  1.4238410596E+00  1.4569536424E+00  1.09580E-06  4.20972E-01
  1.4569536424E+00  1.4900662252E+00  1.08845E-06  4.23835E-01
  1.4900662252E+00  1.5231788079E+00  1.06472E-06  4.21481E-01
  1.5231788079E+00  1.5562913907E+00  1.06132E-06  4.29816E-01
  1.5562913907E+00  1.5894039735E+00  1.04054E-06  4.30462E-01
  1.5894039735E+00  1.6225165563E+00  1.03348E-06  4.37122E-01
  1.6225165563E+00  1.6556291391E+00  1.01088E-06  4.43062E-01
  1.6556291391E+00  1.6887417219E+00  1.00254E-06  4.41851E-01
  1.6887417219E+00  1.7218543046E+00  9.83482E-07  4.43234E-01
  1.7218543046E+00  1.7549668874E+00  9.63095E-07  4.46612E-01
  1.7549668874E+00  1.7880794702E+00  9.47169E-07  4.54640E-01
  1.7880794702E+00  1.8211920530E+00  9.21812E-07  4.62977E-01
  1.8211920530E+00  1.8543046358E+00  8.95695E-07  4.71537E-01
  1.8543046358E+00  1.8874172185E+00  8.75404E-07  4.74131E-01
  1.8874172185E+00  1.9205298013E+00  8.57839E-07  4.78360E-01
  1.9205298013E+00  1.9536423841E+00  8.38661E-07  4.84984E-01
  1.9536423841E+00  1.9867549669E+00  8.17908E-07  4.89076E-01
  1.9867549669E+00  2.0198675497E+00  7.89627E-07  5.03610E-01
  2.0198675497E+00  2.0529801325E+00  7.76959E-07  5.06389E-01
  2.0529801325E+00  2.0860927152E+00  7.55825E-07  5.10527E-01
  2.0860927152E+00  2.1192052980E+00  7.29390E-07  5.11266E-01
  2.1192052980E+00  2.1523178808E+00  6.92722E-07  5.30967E-01
  2.1523178808E+00  2.1854304636E+00  6.59079E-07  5.52274E-01
  2.1854304636E+00  2.2185430464E+00  6.30975E-07  5.56574E-01
  2.2185430464E+00  2.2516556291E+00  6.06963E-07  5.63735E-01
  2.2516556291E+00  2.2847682119E+00  5.81644E-07  5.79615E-01
  2.2847682119E+00  2.3178807947E+00  5.47787E-07  5.97695E-01
  2.3178807947E+00  2.3509933775E+00  5.12936E-07  6.03791E-01
  2.3509933775E+00  2.3841059603E+00  4.86727E-07  6.24695E-01
  2.3841059603E+00  2.4172185430E+00  4.52646E-07  6.50426E-01
  2.4172185430E+00  2.4503311258E+00  4.11793E-07  6.68960E-01
  2.4503311258E+00  2.4834437086E+00  3.75424E-07  6.96608E-01
  2.4834437086E+00  2.5165562914E+00  3.34043E-07  7.22264E-01
  2.5165562914E+00  2.5496688742E+00  2.97919E-07  7.50792E-01
  2.5496688742E+00  2.5827814570E+00  2.72266E-07  7.87784E-01
  2.5827814570E+00  2.6158940397E+00  2.53594E-07  8.07524E-01
  2.6158940397E+00  2.6490066225E+00  2.31618E-07  8.51842E-01
  2.6490066225E+00  2.6821192053E+00  2.17838E-07  8.90651E-01
  2.6821192053E+00  2.7152317881E+00  2.05466E-07  9.02473E-01
  2.7152317881E+00  2.7483443709E+00  1.92342E-07  9.29324E-01
  2.7483443709E+00  2.7814569536E+00  1.83445E-07  9.44318E-01
  2.7814569536E+00  2.8145695364E+00  1.69598E-07  9.91322E-01
  2.8145695364E+00  2.8476821192E+00  1.61767E-07  1.00762E+00
  2.8476821192E+00  2.8807947020E+00  1.54767E-07  1.05143E+00
  2.8807947020E+00  2.9139072848E+00  1.45523E-07  1.08182E+00
  2.9139072848E+00  2.9470198675E+00  1.37525E-07  1.10660E+00
  2.9470198675E+00  2.9801324503E+00  1.30471E-07  1.14146E+00
  2.9801324503E+00  3.0132450331E+00  1.26812E-07  1.16755E+00
  3.0132450331E+00  3.0463576159E+00  1.18397E-07  1.19171E+00
  3.0463576159E+00  3.0794701987E+00  1.11438E-07  1.22625E+00
  3.0794701987E+00  3.1125827815E+00  1.09751E-07  1.24425E+00
  3.1125827815E+00  3.1456953642E+00  1.03019E-07  1.29191E+00
  3.1456953642E+00  3.1788079470E+00  1.01030E-07  1.29773E+00
  3.1788079470E+00  3.2119205298E+00  9.65206E-08  1.34543E+00
  3.2119205298E+00  3.2450331126E+00  9.32774E-08  1.38207E+00
  3.2450331126E+00  3.2781456954E+00  8.90114E-08  1.41303E+00
  3.2781456954E+00  3.3112582781E+00  8.74879E-08  1.41428E+00
  3.3112582781E+00  3.3443708609E+00  8.30964E-08  1.45339E+00
  3.3443708609E+00  3.3774834437E+00  8.11443E-08  1.49094E+00
  3.3774834437E+00  3.4105960265E+00  7.71956E-08  1.49579E+00
  3.4105960265E+00  3.4437086093E+00  7.52684E-08  1.53025E+00
  3.4437086093E+00  3.4768211921E+00  7.39984E-08  1.55075E+00
  3.4768211921E+00  3.5099337748E+00  7.30912E-08  1.57574E+00
  3.5099337748E+00  3.5430463576E+00  7.11815E-08  1.57074E+00
  3.5430463576E+00  3.5761589404E+00  7.13522E-08  1.58749E+00
  3.5761589404E+00  3.6092715232E+00  6.70984E-08  1.61887E+00
  3.6092715232E+00  3.6423841060E+00  6.35680E-08  1.68474E+00
  3.6423841060E+00  3.6754966887E+00  6.41273E-08  1.67579E+00
  3.6754966887E+00  3.7086092715E+00  6.38804E-08  1.66888E+00
  3.7086092715E+00  3.7417218543E+00  6.06746E-08  1.72397E+00
  3.7417218543E+00  3.7748344371E+00  5.92919E-08  1.74181E+00
  3.7748344371E+00  3.8079470199E+00  5.85394E-08  1.75809E+00
  3.8079470199E+00  3.8410596026E+00  5.53068E-08  1.78486E+00
  3.8410596026E+00  3.8741721854E+00  5.73365E-08  1.79459E+00
  3.8741721854E+00  3.9072847682E+00  5.50731E-08  1.77730E+00
  3.9072847682E+00  3.9403973510E+00  5.41707E-08  1.83529E+00
  3.9403973510E+00  3.9735099338E+00  5.21749E-08  1.83105E+00
  3.9735099338E+00  4.0066225166E+00  5.15911E-08  1.89389E+00
  4.0066225166E+00  4.0397350993E+00  4.92470E-08  1.88428E+00
  4.0397350993E+00  4.0728476821E+00  4.78003E-08  1.88808E+00
  4.0728476821E+00  4.1059602649E+00  4.93736E-08  1.88782E+00
  4.1059602649E+00  4.1390728477E+00  4.93653E-08  1.89927E+00
  4.1390728477E+00  4.1721854305E+00  4.75010E-08  1.95279E+00
  4.1721854305E+00  4.2052980132E+00  4.77569E-08  1.94510E+00
  4.2052980132E+00  4.2384105960E+00  4.68474E-08  1.96980E+00
  4.2384105960E+00  4.2715231788E+00  4.66019E-08  1.95341E+00
  4.2715231788E+00  4.3046357616E+00  4.59829E-08  1.95229E+00
  4.3046357616E+00  4.3377483444E+00  4.56198E-08  1.99918E+00
  4.3377483444E+00  4.3708609272E+00  4.69868E-08  1.95090E+00
  4.3708609272E+00  4.4039735099E+00  4.53687E-08  1.98291E+00
  4.4039735099E+00  4.4370860927E+00  4.43536E-08  2.00549E+00
  4.4370860927E+00  4.4701986755E+00  4.58257E-08  2.01971E+00
  4.4701986755E+00  4.5033112583E+00  4.42401E-08  1.99556E+00
  4.5033112583E+00  4.5364238411E+00  4.37757E-08  2.02256E+00
  4.5364238411E+00  4.5695364238E+00  4.33307E-08  2.03089E+00
  4.5695364238E+00  4.6026490066E+00  4.19295E-08  2.07804E+00
  4.6026490066E+00  4.6357615894E+00  4.06956E-08  2.07982E+00
  4.6357615894E+00  4.6688741722E+00  4.01402E-08  2.14108E+00
  4.6688741722E+00  4.7019867550E+00  3.96091E-08  2.10517E+00
  4.7019867550E+00  4.7350993377E+00  3.80757E-08  2.15876E+00
  4.7350993377E+00  4.7682119205E+00  3.74260E-08  2.15876E+00
  4.7682119205E+00  4.8013245033E+00  3.69922E-08  2.16109E+00
  4.8013245033E+00  4.8344370861E+00  3.89387E-08  2.12020E+00
  4.8344370861E+00  4.8675496689E+00  3.91704E-08  2.16775E+00
  4.8675496689E+00  4.9006622517E+00  3.88304E-08  2.12272E+00
  4.9006622517E+00  4.9337748344E+00  3.79004E-08  2.14921E+00
  4.9337748344E+00  4.9668874172E+00  3.64875E-08  2.16210E+00
  4.9668874172E+00  5.0000000000E+00  3.56294E-08  2.22450E+00
  5.0000000000E+00  5.0000000000E+00  3.56294E-08  2.22450E+00
