# Detector n: 1D Projection
  0.0000000000E+00  3.3112582781E-02  1.46815E-10  7.08441E+01
  3.3112582781E-02  6.6225165563E-02  2.87778E-10  6.29715E+01
  6.6225165563E-02  9.9337748344E-02  1.36776E-10  7.97333E+01
  9.9337748344E-02  1.3245033113E-01  9.31275E-10  4.02670E+01
  1.3245033113E-01  1.6556291391E-01  2.85652E-10  5.87963E+01
  1.6556291391E-01  1.9867549669E-01  3.38675E-10  6.82662E+01
  1.9867549669E-01  2.3178807947E-01  7.18068E-10  6.26807E+01
  2.3178807947E-01  2.6490066225E-01  4.76154E-10  5.97822E+01
  2.6490066225E-01  2.9801324503E-01  3.61700E-10  7.50036E+01
  2.9801324503E-01  3.3112582781E-01  2.68092E-10  7.07965E+01
  3.3112582781E-01  3.6423841060E-01  8.98855E-10  5.68330E+01
  3.6423841060E-01  3.9735099338E-01  4.28022E-10  4.75137E+01
  3.9735099338E-01  4.3046357616E-01  9.58151E-10  3.44319E+01
  4.3046357616E-01  4.6357615894E-01  0.00000E+00  0.00000E+00
  4.6357615894E-01  4.9668874172E-01  1.14926E-09  4.23599E+01
  4.9668874172E-01  5.2980132450E-01  1.54672E-09  3.67184E+01
  5.2980132450E-01  5.6291390728E-01  1.03841E-09  4.40264E+01
  5.6291390728E-01  5.9602649007E-01  7.47623E-10  4.02502E+01
  5.9602649007E-01  6.2913907285E-01  1.57315E-10  8.83672E+01
  6.2913907285E-01  6.6225165563E-01  1.57315E-10  8.45336E+01
  6.6225165563E-01  6.9536423841E-01  1.57315E-10  7.65328E+01
  6.9536423841E-01  7.2847682119E-01  9.42871E-11  1.00000E+02
  7.2847682119E-01  7.6158940397E-01  8.60564E-11  1.00000E+02
  7.6158940397E-01  7.9470198675E-01  8.60564E-11  1.00000E+02
  7.9470198675E-01  8.2781456954E-01  1.11011E-10  8.07142E+01
  8.2781456954E-01  8.6092715232E-01  6.42138E-10  7.04946E+01
  8.6092715232E-01  8.9403973510E-01  2.93179E-10  7.40065E+01
  8.9403973510E-01  9.2715231788E-01  2.30809E-10  6.13173E+01
  9.2715231788E-01  9.6026490066E-01  1.26769E-10  8.48654E+01
  9.6026490066E-01  9.9337748344E-01  4.34834E-10  5.23701E+01
  9.9337748344E-01  1.0264900662E+00  4.39685E-10  5.83721E+01
  1.0264900662E+00  1.0596026490E+00  2.44708E-10  1.00000E+02
  1.0596026490E+00  1.0927152318E+00  1.52625E-10  1.00000E+02
  1.0927152318E+00  1.1258278146E+00  9.66746E-10  3.93091E+01
  1.1258278146E+00  1.1589403974E+00  3.53981E-10  7.63092E+01
  1.1589403974E+00  1.1920529801E+00  8.90821E-10  4.13330E+01
  1.1920529801E+00  1.2251655629E+00  3.17370E-10  6.25658E+01
  1.2251655629E+00  1.2582781457E+00  1.81282E-10  1.00000E+02
  1.2582781457E+00  1.2913907285E+00  4.12286E-10  9.94975E+01
  1.2913907285E+00  1.3245033113E+00  7.93125E-11  1.00000E+02
  1.3245033113E+00  1.3576158940E+00  5.38979E-11  1.00000E+02
  1.3576158940E+00  1.3907284768E+00  1.36115E-10  8.87230E+01
  1.3907284768E+00  1.4238410596E+00  4.49090E-10  1.00000E+02
  1.4238410596E+00  1.4569536424E+00  1.66197E-10  6.57685E+01
  1.4569536424E+00  1.4900662252E+00  1.39375E-10  1.00000E+02
  1.4900662252E+00  1.5231788079E+00  3.71642E-10  7.09168E+01
  1.5231788079E+00  1.5562913907E+00  1.40343E-10  7.11202E+01
  1.5562913907E+00  1.5894039735E+00  1.40343E-10  9.05835E+01
  1.5894039735E+00  1.6225165563E+00  1.40343E-10  1.00000E+02
  1.6225165563E+00  1.6556291391E+00  6.14824E-11  8.31492E+01
  1.6556291391E+00  1.6887417219E+00  0.00000E+00  0.00000E+00
  1.6887417219E+00  1.7218543046E+00  8.85662E-11  1.00000E+02
  1.7218543046E+00  1.7549668874E+00  9.35100E-11  1.00000E+02
  1.7549668874E+00  1.7880794702E+00  0.00000E+00  0.00000E+00
  1.7880794702E+00  1.8211920530E+00  6.09469E-10  5.41172E+01
  1.8211920530E+00  1.8543046358E+00  1.11863E-09  4.39518E+01
  1.8543046358E+00  1.8874172185E+00  1.15179E-09  4.19669E+01
  1.8874172185E+00  1.9205298013E+00  1.09922E-10  7.55343E+01
  1.9205298013E+00  1.9536423841E+00  1.10948E-10  8.70265E+01
  1.9536423841E+00  1.9867549669E+00  2.21761E-10  7.07951E+01
  1.9867549669E+00  2.0198675497E+00  5.08673E-12  1.00000E+02
  2.0198675497E+00  2.0529801325E+00  0.00000E+00  0.00000E+00
  2.0529801325E+00  2.0860927152E+00  0.00000E+00  0.00000E+00
  2.0860927152E+00  2.1192052980E+00  4.10822E-10  7.36612E+01
  2.1192052980E+00  2.1523178808E+00  0.00000E+00  0.00000E+00
  2.1523178808E+00  2.1854304636E+00  0.00000E+00  0.00000E+00
  2.1854304636E+00  2.2185430464E+00  3.72111E-11  1.00000E+02
  2.2185430464E+00  2.2516556291E+00  0.00000E+00  0.00000E+00
  2.2516556291E+00  2.2847682119E+00  0.00000E+00  0.00000E+00
  2.2847682119E+00  2.3178807947E+00  0.00000E+00  0.00000E+00
  2.3178807947E+00  2.3509933775E+00  0.00000E+00  0.00000E+00
  2.3509933775E+00  2.3841059603E+00  0.00000E+00  0.00000E+00
  2.3841059603E+00  2.4172185430E+00  4.62449E-10  7.40783E+01
  2.4172185430E+00  2.4503311258E+00  1.39204E-10  8.58136E+01
  2.4503311258E+00  2.4834437086E+00  2.99238E-10  6.09334E+01
  2.4834437086E+00  2.5165562914E+00  1.02861E-09  3.65072E+01
  2.5165562914E+00  2.5496688742E+00  7.28028E-11  8.22524E+01
  2.5496688742E+00  2.5827814570E+00  1.03523E-12  1.00000E+02
  2.5827814570E+00  2.6158940397E+00  1.65554E-10  1.00000E+02
  2.6158940397E+00  2.6490066225E+00  4.19955E-10  6.69824E+01
  2.6490066225E+00  2.6821192053E+00  3.61433E-10  6.02920E+01
  2.6821192053E+00  2.7152317881E+00  2.52628E-10  7.31174E+01
  2.7152317881E+00  2.7483443709E+00  4.73094E-10  5.32529E+01
  2.7483443709E+00  2.7814569536E+00  2.51057E-10  7.18504E+01
  2.7814569536E+00  2.8145695364E+00  0.00000E+00  0.00000E+00
  2.8145695364E+00  2.8476821192E+00  0.00000E+00  0.00000E+00
  2.8476821192E+00  2.8807947020E+00  5.03899E-10  7.19468E+01
  2.8807947020E+00  2.9139072848E+00  2.17660E-10  8.37497E+01
  2.9139072848E+00  2.9470198675E+00  2.38295E-10  9.18169E+01
  2.9470198675E+00  2.9801324503E+00  2.05914E-10  9.40544E+01
  2.9801324503E+00  3.0132450331E+00  0.00000E+00  0.00000E+00
  3.0132450331E+00  3.0463576159E+00  0.00000E+00  0.00000E+00
  3.0463576159E+00  3.0794701987E+00  0.00000E+00  0.00000E+00
  3.0794701987E+00  3.1125827815E+00  0.00000E+00  0.00000E+00
  3.1125827815E+00  3.1456953642E+00  0.00000E+00  0.00000E+00
  3.1456953642E+00  3.1788079470E+00  0.00000E+00  0.00000E+00
  3.1788079470E+00  3.2119205298E+00  0.00000E+00  0.00000E+00
  3.2119205298E+00  3.2450331126E+00  0.00000E+00  0.00000E+00
  3.2450331126E+00  3.2781456954E+00  1.95588E-10  1.00000E+02
  3.2781456954E+00  3.3112582781E+00  3.85331E-10  1.00000E+02
  3.3112582781E+00  3.3443708609E+00  1.57276E-10  7.72526E+01
  3.3443708609E+00  3.3774834437E+00  6.43217E-10  7.39224E+01
  3.3774834437E+00  3.4105960265E+00  0.00000E+00  0.00000E+00
  3.4105960265E+00  3.4437086093E+00  2.31407E-10  1.00000E+02
  3.4437086093E+00  3.4768211921E+00  1.38474E-10  5.27066E+01
  3.4768211921E+00  3.5099337748E+00  1.19807E-10  1.00000E+02
  3.5099337748E+00  3.5430463576E+00  2.86425E-10  7.10141E+01
  3.5430463576E+00  3.5761589404E+00  1.12019E-10  1.00000E+02
  3.5761589404E+00  3.6092715232E+00  1.06067E-10  7.15210E+01
  3.6092715232E+00  3.6423841060E+00  4.59052E-10  8.76135E+01
  3.6423841060E+00  3.6754966887E+00  9.74232E-12  1.00000E+02
  3.6754966887E+00  3.7086092715E+00  0.00000E+00  0.00000E+00
  3.7086092715E+00  3.7417218543E+00  0.00000E+00  0.00000E+00
  3.7417218543E+00  3.7748344371E+00  0.00000E+00  0.00000E+00
  3.7748344371E+00  3.8079470199E+00  0.00000E+00  0.00000E+00
  3.8079470199E+00  3.8410596026E+00  0.00000E+00  0.00000E+00
  3.8410596026E+00  3.8741721854E+00  0.00000E+00  0.00000E+00
  3.8741721854E+00  3.9072847682E+00  0.00000E+00  0.00000E+00
  3.9072847682E+00  3.9403973510E+00  2.87149E-10  1.00000E+02
  3.9403973510E+00  3.9735099338E+00  1.46152E-10  9.82934E+01
  3.9735099338E+00  4.0066225166E+00  3.73770E-10  7.19391E+01
  4.0066225166E+00  4.0397350993E+00  1.16792E-10  1.00000E+02
  4.0397350993E+00  4.0728476821E+00  2.45214E-10  8.99002E+01
  4.0728476821E+00  4.1059602649E+00  0.00000E+00  0.00000E+00
  4.1059602649E+00  4.1390728477E+00  0.00000E+00  0.00000E+00
  4.1390728477E+00  4.1721854305E+00  0.00000E+00  0.00000E+00
  4.1721854305E+00  4.2052980132E+00  1.27467E-10  9.38712E+01
  4.2052980132E+00  4.2384105960E+00  2.51334E-10  1.00000E+02
  4.2384105960E+00  4.2715231788E+00  0.00000E+00  0.00000E+00
  4.2715231788E+00  4.3046357616E+00  0.00000E+00  0.00000E+00
  4.3046357616E+00  4.3377483444E+00  0.00000E+00  0.00000E+00
  4.3377483444E+00  4.3708609272E+00  0.00000E+00  0.00000E+00
  4.3708609272E+00  4.4039735099E+00  0.00000E+00  0.00000E+00
  4.4039735099E+00  4.4370860927E+00  0.00000E+00  0.00000E+00
  4.4370860927E+00  4.4701986755E+00  0.00000E+00  0.00000E+00
  4.4701986755E+00  4.5033112583E+00  0.00000E+00  0.00000E+00
  4.5033112583E+00  4.5364238411E+00  0.00000E+00  0.00000E+00
  4.5364238411E+00  4.5695364238E+00  0.00000E+00  0.00000E+00
  4.5695364238E+00  4.6026490066E+00  0.00000E+00  0.00000E+00
  4.6026490066E+00  4.6357615894E+00  0.00000E+00  0.00000E+00
  4.6357615894E+00  4.6688741722E+00  0.00000E+00  0.00000E+00
  4.6688741722E+00  4.7019867550E+00  0.00000E+00  0.00000E+00
  4.7019867550E+00  4.7350993377E+00  0.00000E+00  0.00000E+00
  4.7350993377E+00  4.7682119205E+00  0.00000E+00  0.00000E+00
  4.7682119205E+00  4.8013245033E+00  0.00000E+00  0.00000E+00
  4.8013245033E+00  4.8344370861E+00  0.00000E+00  0.00000E+00
  4.8344370861E+00  4.8675496689E+00  0.00000E+00  0.00000E+00
  4.8675496689E+00  4.9006622517E+00  0.00000E+00  0.00000E+00
  4.9006622517E+00  4.9337748344E+00  0.00000E+00  0.00000E+00
  4.9337748344E+00  4.9668874172E+00  0.00000E+00  0.00000E+00
  4.9668874172E+00  5.0000000000E+00  0.00000E+00  0.00000E+00
  5.0000000000E+00  5.0000000000E+00  0.00000E+00  0.00000E+00
