# Detector n: 1D Projection
  0.0000000000E+00  3.3112582781E-02  9.31548E-10  4.47937E+00
  3.3112582781E-02  6.6225165563E-02  8.81999E-10  4.59387E+00
  6.6225165563E-02  9.9337748344E-02  8.43067E-10  4.55224E+00
  9.9337748344E-02  1.3245033113E-01  8.27103E-10  4.61056E+00
  1.3245033113E-01  1.6556291391E-01  8.02507E-10  4.49248E+00
  1.6556291391E-01  1.9867549669E-01  7.85837E-10  4.61662E+00
  1.9867549669E-01  2.3178807947E-01  8.08196E-10  4.61265E+00
  2.3178807947E-01  2.6490066225E-01  9.57780E-10  4.41594E+00
  2.6490066225E-01  2.9801324503E-01  8.32757E-10  4.72352E+00
  2.9801324503E-01  3.3112582781E-01  7.82825E-10  4.86223E+00
  3.3112582781E-01  3.6423841060E-01  8.28723E-10  4.71071E+00
  3.6423841060E-01  3.9735099338E-01  7.93582E-10  4.53046E+00
  3.9735099338E-01  4.3046357616E-01  8.36355E-10  4.71646E+00
  4.3046357616E-01  4.6357615894E-01  7.92958E-10  4.71140E+00
  4.6357615894E-01  4.9668874172E-01  8.96900E-10  4.61028E+00
  4.9668874172E-01  5.2980132450E-01  8.28496E-10  4.69063E+00
  5.2980132450E-01  5.6291390728E-01  7.79556E-10  4.76597E+00
  5.6291390728E-01  5.9602649007E-01  7.83341E-10  4.68166E+00
  5.9602649007E-01  6.2913907285E-01  8.01853E-10  4.68795E+00
  6.2913907285E-01  6.6225165563E-01  8.10015E-10  4.78740E+00
  6.6225165563E-01  6.9536423841E-01  8.21377E-10  4.60973E+00
  6.9536423841E-01  7.2847682119E-01  8.40722E-10  4.52259E+00
  7.2847682119E-01  7.6158940397E-01  7.79108E-10  4.86267E+00
  7.6158940397E-01  7.9470198675E-01  7.81224E-10  4.93607E+00
  7.9470198675E-01  8.2781456954E-01  8.29145E-10  4.90316E+00
  8.2781456954E-01  8.6092715232E-01  8.27363E-10  4.65169E+00
  8.6092715232E-01  8.9403973510E-01  8.94649E-10  4.45602E+00
  8.9403973510E-01  9.2715231788E-01  9.76390E-10  4.38502E+00
  9.2715231788E-01  9.6026490066E-01  9.44965E-10  4.35728E+00
  9.6026490066E-01  9.9337748344E-01  8.57360E-10  4.62800E+00
  9.9337748344E-01  1.0264900662E+00  7.88321E-10  4.81891E+00
  1.0264900662E+00  1.0596026490E+00  8.00903E-10  4.82849E+00
  1.0596026490E+00  1.0927152318E+00  7.54406E-10  4.90839E+00
  1.0927152318E+00  1.1258278146E+00  7.36085E-10  4.98345E+00
  1.1258278146E+00  1.1589403974E+00  7.47361E-10  4.84521E+00
  1.1589403974E+00  1.1920529801E+00  6.80044E-10  5.08986E+00
  1.1920529801E+00  1.2251655629E+00  7.52141E-10  4.84015E+00
  1.2251655629E+00  1.2582781457E+00  8.78302E-10  4.71666E+00
  1.2582781457E+00  1.2913907285E+00  7.48549E-10  4.67201E+00
  1.2913907285E+00  1.3245033113E+00  7.68751E-10  5.06302E+00
  1.3245033113E+00  1.3576158940E+00  7.65940E-10  4.97787E+00
  1.3576158940E+00  1.3907284768E+00  6.78852E-10  4.99394E+00
  1.3907284768E+00  1.4238410596E+00  7.19132E-10  4.93539E+00
  1.4238410596E+00  1.4569536424E+00  7.52252E-10  4.93754E+00
  1.4569536424E+00  1.4900662252E+00  7.25797E-10  5.04801E+00
  1.4900662252E+00  1.5231788079E+00  6.91505E-10  5.19085E+00
  1.5231788079E+00  1.5562913907E+00  6.94254E-10  5.23488E+00
  1.5562913907E+00  1.5894039735E+00  6.71471E-10  5.28116E+00
  1.5894039735E+00  1.6225165563E+00  7.09283E-10  5.02758E+00
  1.6225165563E+00  1.6556291391E+00  7.00949E-10  5.09203E+00
  1.6556291391E+00  1.6887417219E+00  7.66337E-10  4.76929E+00
  1.6887417219E+00  1.7218543046E+00  7.28336E-10  4.98032E+00
  1.7218543046E+00  1.7549668874E+00  7.17444E-10  5.04741E+00
  1.7549668874E+00  1.7880794702E+00  7.60163E-10  4.86044E+00
  1.7880794702E+00  1.8211920530E+00  8.03892E-10  4.84238E+00
  1.8211920530E+00  1.8543046358E+00  7.58792E-10  4.90589E+00
  1.8543046358E+00  1.8874172185E+00  7.38511E-10  5.00602E+00
  1.8874172185E+00  1.9205298013E+00  7.15961E-10  5.08402E+00
  1.9205298013E+00  1.9536423841E+00  7.55248E-10  4.97500E+00
  1.9536423841E+00  1.9867549669E+00  6.37275E-10  5.17091E+00
  1.9867549669E+00  2.0198675497E+00  6.25989E-10  5.43290E+00
  2.0198675497E+00  2.0529801325E+00  5.98076E-10  5.28990E+00
  2.0529801325E+00  2.0860927152E+00  6.59755E-10  5.26796E+00
  2.0860927152E+00  2.1192052980E+00  6.32726E-10  5.33943E+00
  2.1192052980E+00  2.1523178808E+00  6.72259E-10  5.37011E+00
  2.1523178808E+00  2.1854304636E+00  5.72100E-10  5.69750E+00
  2.1854304636E+00  2.2185430464E+00  5.97481E-10  5.66479E+00
  2.2185430464E+00  2.2516556291E+00  5.93449E-10  5.49657E+00
  2.2516556291E+00  2.2847682119E+00  5.63227E-10  5.37912E+00
  2.2847682119E+00  2.3178807947E+00  5.54136E-10  5.61680E+00
  2.3178807947E+00  2.3509933775E+00  5.99147E-10  5.47020E+00
  2.3509933775E+00  2.3841059603E+00  5.91090E-10  5.46947E+00
  2.3841059603E+00  2.4172185430E+00  6.45392E-10  5.31372E+00
  2.4172185430E+00  2.4503311258E+00  5.69452E-10  5.64804E+00
  2.4503311258E+00  2.4834437086E+00  5.84225E-10  5.52352E+00
  2.4834437086E+00  2.5165562914E+00  6.39394E-10  5.45848E+00
  2.5165562914E+00  2.5496688742E+00  5.88829E-10  5.58773E+00
  2.5496688742E+00  2.5827814570E+00  5.93788E-10  5.68082E+00
  2.5827814570E+00  2.6158940397E+00  5.44927E-10  5.84160E+00
  2.6158940397E+00  2.6490066225E+00  5.14191E-10  5.92372E+00
  2.6490066225E+00  2.6821192053E+00  5.47503E-10  5.73395E+00
  2.6821192053E+00  2.7152317881E+00  4.55033E-10  6.09577E+00
  2.7152317881E+00  2.7483443709E+00  5.23319E-10  5.95343E+00
  2.7483443709E+00  2.7814569536E+00  5.82775E-10  5.68136E+00
  2.7814569536E+00  2.8145695364E+00  5.33776E-10  5.68544E+00
  2.8145695364E+00  2.8476821192E+00  4.27980E-10  6.22906E+00
  2.8476821192E+00  2.8807947020E+00  5.08093E-10  5.78603E+00
  2.8807947020E+00  2.9139072848E+00  4.73560E-10  6.49290E+00
  2.9139072848E+00  2.9470198675E+00  3.78747E-10  6.83857E+00
  2.9470198675E+00  2.9801324503E+00  3.55008E-10  6.78358E+00
  2.9801324503E+00  3.0132450331E+00  3.58266E-10  6.88250E+00
  3.0132450331E+00  3.0463576159E+00  4.18963E-10  6.63290E+00
  3.0463576159E+00  3.0794701987E+00  4.43491E-10  6.34733E+00
  3.0794701987E+00  3.1125827815E+00  3.63917E-10  6.99213E+00
  3.1125827815E+00  3.1456953642E+00  3.64241E-10  7.33817E+00
  3.1456953642E+00  3.1788079470E+00  3.68190E-10  7.21800E+00
  3.1788079470E+00  3.2119205298E+00  3.33281E-10  7.42806E+00
  3.2119205298E+00  3.2450331126E+00  3.21108E-10  7.46954E+00
  3.2450331126E+00  3.2781456954E+00  2.78389E-10  8.09415E+00
  3.2781456954E+00  3.3112582781E+00  2.20223E-10  9.38118E+00
  3.3112582781E+00  3.3443708609E+00  2.16988E-10  9.17923E+00
  3.3443708609E+00  3.3774834437E+00  2.27592E-10  8.57321E+00
  3.3774834437E+00  3.4105960265E+00  2.18628E-10  9.48201E+00
  3.4105960265E+00  3.4437086093E+00  1.85618E-10  1.02253E+01
  3.4437086093E+00  3.4768211921E+00  1.41521E-10  1.05511E+01
  3.4768211921E+00  3.5099337748E+00  1.17186E-10  1.17140E+01
  3.5099337748E+00  3.5430463576E+00  1.04470E-10  1.32126E+01
  3.5430463576E+00  3.5761589404E+00  9.29237E-11  1.20035E+01
  3.5761589404E+00  3.6092715232E+00  1.07494E-10  1.24852E+01
  3.6092715232E+00  3.6423841060E+00  9.25042E-11  1.29748E+01
  3.6423841060E+00  3.6754966887E+00  8.25222E-11  1.37858E+01
  3.6754966887E+00  3.7086092715E+00  8.72429E-11  1.44969E+01
  3.7086092715E+00  3.7417218543E+00  7.35145E-11  1.55423E+01
  3.7417218543E+00  3.7748344371E+00  7.54219E-11  1.39456E+01
  3.7748344371E+00  3.8079470199E+00  6.32766E-11  1.44347E+01
  3.8079470199E+00  3.8410596026E+00  9.71453E-11  1.36453E+01
  3.8410596026E+00  3.8741721854E+00  7.82878E-11  1.40372E+01
  3.8741721854E+00  3.9072847682E+00  4.69659E-11  1.59763E+01
  3.9072847682E+00  3.9403973510E+00  5.52988E-11  1.67015E+01
  3.9403973510E+00  3.9735099338E+00  7.44648E-11  1.44465E+01
  3.9735099338E+00  4.0066225166E+00  8.27612E-11  1.42810E+01
  4.0066225166E+00  4.0397350993E+00  6.56761E-11  1.59201E+01
  4.0397350993E+00  4.0728476821E+00  6.69411E-11  1.48390E+01
  4.0728476821E+00  4.1059602649E+00  4.41624E-11  1.81405E+01
  4.1059602649E+00  4.1390728477E+00  6.49253E-11  1.80084E+01
  4.1390728477E+00  4.1721854305E+00  4.99944E-11  1.59010E+01
  4.1721854305E+00  4.2052980132E+00  6.29079E-11  1.51450E+01
  4.2052980132E+00  4.2384105960E+00  6.39608E-11  1.52922E+01
  4.2384105960E+00  4.2715231788E+00  7.74446E-11  1.47525E+01
  4.2715231788E+00  4.3046357616E+00  7.16637E-11  1.53964E+01
  4.3046357616E+00  4.3377483444E+00  3.19847E-11  2.12563E+01
  4.3377483444E+00  4.3708609272E+00  5.11607E-11  1.65796E+01
  4.3708609272E+00  4.4039735099E+00  4.91556E-11  1.82262E+01
  4.4039735099E+00  4.4370860927E+00  3.63272E-11  1.94907E+01
  4.4370860927E+00  4.4701986755E+00  4.40256E-11  1.81946E+01
  4.4701986755E+00  4.5033112583E+00  3.45856E-11  2.15543E+01
  4.5033112583E+00  4.5364238411E+00  3.37074E-11  1.99740E+01
  4.5364238411E+00  4.5695364238E+00  4.00819E-11  2.02161E+01
  4.5695364238E+00  4.6026490066E+00  4.69132E-11  1.86490E+01
  4.6026490066E+00  4.6357615894E+00  4.69547E-11  1.78556E+01
  4.6357615894E+00  4.6688741722E+00  3.86813E-11  2.01709E+01
  4.6688741722E+00  4.7019867550E+00  3.48735E-11  2.11437E+01
  4.7019867550E+00  4.7350993377E+00  4.22271E-11  1.90774E+01
  4.7350993377E+00  4.7682119205E+00  2.90611E-11  2.17943E+01
  4.7682119205E+00  4.8013245033E+00  4.25025E-11  1.73725E+01
  4.8013245033E+00  4.8344370861E+00  4.67565E-11  2.13266E+01
  4.8344370861E+00  4.8675496689E+00  5.59292E-11  1.60686E+01
  4.8675496689E+00  4.9006622517E+00  4.57806E-11  1.70846E+01
  4.9006622517E+00  4.9337748344E+00  5.68275E-11  1.61253E+01
  4.9337748344E+00  4.9668874172E+00  5.38580E-11  1.67670E+01
  4.9668874172E+00  5.0000000000E+00  6.01134E-11  1.57349E+01
  5.0000000000E+00  5.0000000000E+00  6.01134E-11  1.57349E+01
