# Detector n: 1D Projection
  0.0000000000E+00  2.5833333333E-01  5.58229E-07  7.13651E-01
  2.5833333333E-01  5.1666666667E-01  1.39811E-06  4.44502E-01
  5.1666666667E-01  7.7500000000E-01  2.24255E-06  3.41581E-01
  7.7500000000E-01  1.0333333333E+00  3.04427E-06  2.88605E-01
  1.0333333333E+00  1.2916666667E+00  3.68662E-06  2.56293E-01
  1.2916666667E+00  1.5500000000E+00  4.28553E-06  2.33530E-01
  1.5500000000E+00  1.8083333333E+00  4.79865E-06  2.19195E-01
  1.8083333333E+00  2.0666666667E+00  5.06866E-06  2.12897E-01
  2.0666666667E+00  2.3250000000E+00  5.29670E-06  2.09594E-01
  2.3250000000E+00  2.5833333333E+00  5.40800E-06  2.04882E-01
  2.5833333333E+00  2.8416666667E+00  5.40881E-06  2.04347E-01
  2.8416666667E+00  3.1000000000E+00  5.34079E-06  2.07511E-01
  3.1000000000E+00  3.3583333333E+00  5.30500E-06  2.08787E-01
  3.3583333333E+00  3.6166666667E+00  5.29378E-06  2.05663E-01
  3.6166666667E+00  3.8750000000E+00  5.28531E-06  2.09368E-01
  3.8750000000E+00  4.1333333333E+00  5.25814E-06  2.08028E-01
  4.1333333333E+00  4.3916666667E+00  5.20131E-06  2.08610E-01
  4.3916666667E+00  4.6500000000E+00  5.19671E-06  2.09653E-01
  4.6500000000E+00  4.9083333333E+00  5.18243E-06  2.09892E-01
  4.9083333333E+00  5.1666666667E+00  5.15309E-06  2.10517E-01
  5.1666666667E+00  5.4250000000E+00  5.15685E-06  2.10342E-01
  5.4250000000E+00  5.6833333333E+00  5.08241E-06  2.12137E-01
  5.6833333333E+00  5.9416666667E+00  5.08391E-06  2.12123E-01
  5.9416666667E+00  6.2000000000E+00  5.03696E-06  2.14019E-01
  6.2000000000E+00  6.4583333333E+00  5.04956E-06  2.11686E-01
  6.4583333333E+00  6.7166666667E+00  5.00301E-06  2.14247E-01
  6.7166666667E+00  6.9750000000E+00  4.95637E-06  2.13366E-01
  6.9750000000E+00  7.2333333333E+00  4.90618E-06  2.14755E-01
  7.2333333333E+00  7.4916666667E+00  4.88958E-06  2.16164E-01
  7.4916666667E+00  7.7500000000E+00  4.85997E-06  2.16681E-01
  7.7500000000E+00  8.0083333333E+00  4.83156E-06  2.18584E-01
  8.0083333333E+00  8.2666666667E+00  4.80788E-06  2.17152E-01
  8.2666666667E+00  8.5250000000E+00  4.80697E-06  2.20442E-01
  8.5250000000E+00  8.7833333333E+00  4.74392E-06  2.20158E-01
  8.7833333333E+00  9.0416666667E+00  4.71246E-06  2.19469E-01
  9.0416666667E+00  9.3000000000E+00  4.70131E-06  2.20836E-01
  9.3000000000E+00  9.5583333333E+00  4.66120E-06  2.20250E-01
  9.5583333333E+00  9.8166666667E+00  4.62875E-06  2.21341E-01
  9.8166666667E+00  1.0075000000E+01  4.59657E-06  2.24844E-01
  1.0075000000E+01  1.0333333333E+01  4.59277E-06  2.25204E-01
  1.0333333333E+01  1.0591666667E+01  4.55351E-06  2.24706E-01
  1.0591666667E+01  1.0850000000E+01  4.50798E-06  2.25152E-01
  1.0850000000E+01  1.1108333333E+01  4.45071E-06  2.25272E-01
  1.1108333333E+01  1.1366666667E+01  4.47712E-06  2.26259E-01
  1.1366666667E+01  1.1625000000E+01  4.41952E-06  2.25456E-01
  1.1625000000E+01  1.1883333333E+01  4.38918E-06  2.29472E-01
  1.1883333333E+01  1.2141666667E+01  4.35407E-06  2.27483E-01
  1.2141666667E+01  1.2400000000E+01  4.32299E-06  2.31455E-01
  1.2400000000E+01  1.2658333333E+01  4.29854E-06  2.32634E-01
  1.2658333333E+01  1.2916666667E+01  4.24809E-06  2.30214E-01
  1.2916666667E+01  1.3175000000E+01  4.26605E-06  2.30654E-01
  1.3175000000E+01  1.3433333333E+01  4.20545E-06  2.33251E-01
  1.3433333333E+01  1.3691666667E+01  4.19623E-06  2.32867E-01
  1.3691666667E+01  1.3950000000E+01  4.18164E-06  2.33610E-01
  1.3950000000E+01  1.4208333333E+01  4.17682E-06  2.32985E-01
  1.4208333333E+01  1.4466666667E+01  4.08993E-06  2.39316E-01
  1.4466666667E+01  1.4725000000E+01  4.08630E-06  2.35877E-01
  1.4725000000E+01  1.4983333333E+01  4.09108E-06  2.35337E-01
  1.4983333333E+01  1.5241666667E+01  4.07836E-06  2.37899E-01
  1.5241666667E+01  1.5500000000E+01  4.02901E-06  2.39261E-01
  1.5500000000E+01  1.5758333333E+01  4.00442E-06  2.39837E-01
  1.5758333333E+01  1.6016666667E+01  3.98475E-06  2.38247E-01
  1.6016666667E+01  1.6275000000E+01  3.97035E-06  2.37964E-01
  1.6275000000E+01  1.6533333333E+01  3.92634E-06  2.41291E-01
  1.6533333333E+01  1.6791666667E+01  3.88378E-06  2.41426E-01
  1.6791666667E+01  1.7050000000E+01  3.85887E-06  2.45119E-01
  1.7050000000E+01  1.7308333333E+01  3.86685E-06  2.43180E-01
  1.7308333333E+01  1.7566666667E+01  3.83849E-06  2.45676E-01
  1.7566666667E+01  1.7825000000E+01  3.79191E-06  2.44956E-01
  1.7825000000E+01  1.8083333333E+01  3.77755E-06  2.46750E-01
  1.8083333333E+01  1.8341666667E+01  3.72693E-06  2.49764E-01
  1.8341666667E+01  1.8600000000E+01  3.71922E-06  2.51676E-01
  1.8600000000E+01  1.8858333333E+01  3.69967E-06  2.48462E-01
  1.8858333333E+01  1.9116666667E+01  3.65444E-06  2.48763E-01
  1.9116666667E+01  1.9375000000E+01  3.60861E-06  2.54351E-01
  1.9375000000E+01  1.9633333333E+01  3.60933E-06  2.52948E-01
  1.9633333333E+01  1.9891666667E+01  3.57406E-06  2.52326E-01
  1.9891666667E+01  2.0150000000E+01  3.57856E-06  2.54676E-01
  2.0150000000E+01  2.0408333333E+01  3.54944E-06  2.54349E-01
  2.0408333333E+01  2.0666666667E+01  3.51034E-06  2.54940E-01
  2.0666666667E+01  2.0925000000E+01  3.49564E-06  2.54609E-01
  2.0925000000E+01  2.1183333333E+01  3.48001E-06  2.56642E-01
  2.1183333333E+01  2.1441666667E+01  3.46086E-06  2.60418E-01
  2.1441666667E+01  2.1700000000E+01  3.42445E-06  2.59832E-01
  2.1700000000E+01  2.1958333333E+01  3.38794E-06  2.59270E-01
  2.1958333333E+01  2.2216666667E+01  3.37076E-06  2.61182E-01
  2.2216666667E+01  2.2475000000E+01  3.31966E-06  2.59502E-01
  2.2475000000E+01  2.2733333333E+01  3.35273E-06  2.60924E-01
  2.2733333333E+01  2.2991666667E+01  3.32415E-06  2.63932E-01
  2.2991666667E+01  2.3250000000E+01  3.29447E-06  2.60766E-01
  2.3250000000E+01  2.3508333333E+01  3.24472E-06  2.66341E-01
  2.3508333333E+01  2.3766666667E+01  3.21578E-06  2.70569E-01
  2.3766666667E+01  2.4025000000E+01  3.21332E-06  2.66554E-01
  2.4025000000E+01  2.4283333333E+01  3.19169E-06  2.69062E-01
  2.4283333333E+01  2.4541666667E+01  3.14461E-06  2.67489E-01
  2.4541666667E+01  2.4800000000E+01  3.13685E-06  2.70173E-01
  2.4800000000E+01  2.5058333333E+01  3.11430E-06  2.71612E-01
  2.5058333333E+01  2.5316666667E+01  3.11427E-06  2.73046E-01
  2.5316666667E+01  2.5575000000E+01  3.07957E-06  2.72217E-01
  2.5575000000E+01  2.5833333333E+01  3.06140E-06  2.72031E-01
  2.5833333333E+01  2.6091666667E+01  3.02923E-06  2.73695E-01
  2.6091666667E+01  2.6350000000E+01  3.01988E-06  2.72848E-01
  2.6350000000E+01  2.6608333333E+01  2.99170E-06  2.75833E-01
  2.6608333333E+01  2.6866666667E+01  2.97730E-06  2.78379E-01
  2.6866666667E+01  2.7125000000E+01  2.95842E-06  2.78462E-01
  2.7125000000E+01  2.7383333333E+01  2.93107E-06  2.81177E-01
  2.7383333333E+01  2.7641666667E+01  2.89895E-06  2.82830E-01
  2.7641666667E+01  2.7900000000E+01  2.88669E-06  2.84403E-01
  2.7900000000E+01  2.8158333333E+01  2.87617E-06  2.80638E-01
  2.8158333333E+01  2.8416666667E+01  2.88486E-06  2.83029E-01
  2.8416666667E+01  2.8675000000E+01  2.83595E-06  2.85615E-01
  2.8675000000E+01  2.8933333333E+01  2.80333E-06  2.83955E-01
  2.8933333333E+01  2.9191666667E+01  2.79457E-06  2.85635E-01
  2.9191666667E+01  2.9450000000E+01  2.79757E-06  2.87056E-01
  2.9450000000E+01  2.9708333333E+01  2.76175E-06  2.88187E-01
  2.9708333333E+01  2.9966666667E+01  2.74608E-06  2.86256E-01
  2.9966666667E+01  3.0225000000E+01  2.72101E-06  2.91107E-01
  3.0225000000E+01  3.0483333333E+01  2.67441E-06  2.91038E-01
  3.0483333333E+01  3.0741666667E+01  2.66228E-06  2.94713E-01
  3.0741666667E+01  3.1000000000E+01  2.64909E-06  2.93385E-01
  3.1000000000E+01  3.1000000000E+01  2.64909E-06  2.93385E-01
