# Detector n: 1D Projection
  1.0000000000E+00  1.2500000000E+00  1.27203E-09  5.40116E+00
  1.2500000000E+00  1.5000000000E+00  1.17480E-09  5.57863E+00
  1.5000000000E+00  1.7500000000E+00  1.34084E-09  4.97117E+00
  1.7500000000E+00  2.0000000000E+00  1.40920E-09  4.77773E+00
  2.0000000000E+00  2.2500000000E+00  1.59878E-09  4.69231E+00
  2.2500000000E+00  2.5000000000E+00  1.45118E-09  4.93152E+00
  2.5000000000E+00  2.7500000000E+00  1.47408E-09  4.73941E+00
  2.7500000000E+00  3.0000000000E+00  1.39883E-09  4.98282E+00
  3.0000000000E+00  3.2500000000E+00  1.20130E-09  5.27592E+00
  3.2500000000E+00  3.5000000000E+00  1.15236E-09  5.45079E+00
  3.5000000000E+00  3.7500000000E+00  1.19187E-09  5.78637E+00
  3.7500000000E+00  4.0000000000E+00  8.81139E-10  6.07431E+00
  4.0000000000E+00  4.2500000000E+00  1.21345E-09  5.47265E+00
  4.2500000000E+00  4.5000000000E+00  1.08338E-09  5.67441E+00
  4.5000000000E+00  4.7500000000E+00  1.15066E-09  5.75629E+00
  4.7500000000E+00  5.0000000000E+00  1.18838E-09  5.52860E+00
  5.0000000000E+00  5.2500000000E+00  1.30923E-09  5.11882E+00
  5.2500000000E+00  5.5000000000E+00  1.13483E-09  5.57606E+00
  5.5000000000E+00  5.7500000000E+00  1.12843E-09  5.59874E+00
  5.7500000000E+00  6.0000000000E+00  1.05062E-09  5.81339E+00
  6.0000000000E+00  6.2500000000E+00  9.19498E-10  6.02154E+00
  6.2500000000E+00  6.5000000000E+00  1.04784E-09  5.56172E+00
  6.5000000000E+00  6.7500000000E+00  1.18605E-09  5.46201E+00
  6.7500000000E+00  7.0000000000E+00  1.27277E-09  5.21465E+00
  7.0000000000E+00  7.2500000000E+00  1.17708E-09  5.32945E+00
  7.2500000000E+00  7.5000000000E+00  9.59977E-10  6.02315E+00
  7.5000000000E+00  7.7500000000E+00  8.86864E-10  6.10508E+00
  7.7500000000E+00  8.0000000000E+00  9.25814E-10  6.24415E+00
  8.0000000000E+00  8.2500000000E+00  6.61484E-10  7.19964E+00
  8.2500000000E+00  8.5000000000E+00  1.02407E-09  5.89781E+00
  8.5000000000E+00  8.7500000000E+00  9.19113E-10  6.07178E+00
  8.7500000000E+00  9.0000000000E+00  8.54141E-10  6.10839E+00
  9.0000000000E+00  9.2500000000E+00  9.62854E-10  5.97303E+00
  9.2500000000E+00  9.5000000000E+00  7.00857E-10  7.01734E+00
  9.5000000000E+00  9.7500000000E+00  8.13284E-10  6.68834E+00
  9.7500000000E+00  1.0000000000E+01  1.04899E-09  5.76163E+00
  1.0000000000E+01  1.0250000000E+01  1.00401E-09  5.96210E+00
  1.0250000000E+01  1.0500000000E+01  1.00720E-09  5.97211E+00
  1.0500000000E+01  1.0750000000E+01  9.75090E-10  6.11528E+00
  1.0750000000E+01  1.1000000000E+01  6.58008E-10  7.45110E+00
  1.1000000000E+01  1.1250000000E+01  7.25947E-10  6.88844E+00
  1.1250000000E+01  1.1500000000E+01  9.30129E-10  5.86709E+00
  1.1500000000E+01  1.1750000000E+01  9.34323E-10  6.15620E+00
  1.1750000000E+01  1.2000000000E+01  8.98809E-10  6.35146E+00
  1.2000000000E+01  1.2250000000E+01  6.71085E-10  7.17509E+00
  1.2250000000E+01  1.2500000000E+01  6.80892E-10  7.16018E+00
  1.2500000000E+01  1.2750000000E+01  6.17434E-10  7.08537E+00
  1.2750000000E+01  1.3000000000E+01  4.98178E-10  9.13008E+00
  1.3000000000E+01  1.3250000000E+01  7.49952E-10  6.91254E+00
  1.3250000000E+01  1.3500000000E+01  6.12234E-10  7.72391E+00
  1.3500000000E+01  1.3750000000E+01  6.92888E-10  7.20212E+00
  1.3750000000E+01  1.4000000000E+01  6.95840E-10  7.31400E+00
  1.4000000000E+01  1.4250000000E+01  6.87482E-10  6.75244E+00
  1.4250000000E+01  1.4500000000E+01  7.02899E-10  7.29460E+00
  1.4500000000E+01  1.4750000000E+01  6.02292E-10  7.88998E+00
  1.4750000000E+01  1.5000000000E+01  5.86643E-10  7.51119E+00
  1.5000000000E+01  1.5250000000E+01  6.23974E-10  7.64014E+00
  1.5250000000E+01  1.5500000000E+01  6.68391E-10  7.61236E+00
  1.5500000000E+01  1.5750000000E+01  6.15065E-10  8.39900E+00
  1.5750000000E+01  1.6000000000E+01  7.15059E-10  7.03979E+00
  1.6000000000E+01  1.6250000000E+01  6.52790E-10  7.03713E+00
  1.6250000000E+01  1.6500000000E+01  8.27100E-10  6.66393E+00
  1.6500000000E+01  1.6750000000E+01  6.72867E-10  7.38724E+00
  1.6750000000E+01  1.7000000000E+01  6.41256E-10  7.27886E+00
  1.7000000000E+01  1.7250000000E+01  5.62203E-10  8.30790E+00
  1.7250000000E+01  1.7500000000E+01  5.99382E-10  7.39255E+00
  1.7500000000E+01  1.7750000000E+01  5.78147E-10  7.98332E+00
  1.7750000000E+01  1.8000000000E+01  4.18290E-10  9.52657E+00
  1.8000000000E+01  1.8250000000E+01  4.90583E-10  8.29943E+00
  1.8250000000E+01  1.8500000000E+01  4.67996E-10  8.78718E+00
  1.8500000000E+01  1.8750000000E+01  7.41479E-10  6.63575E+00
  1.8750000000E+01  1.9000000000E+01  6.40415E-10  7.79766E+00
  1.9000000000E+01  1.9250000000E+01  5.30007E-10  7.94208E+00
  1.9250000000E+01  1.9500000000E+01  5.29443E-10  7.74335E+00
  1.9500000000E+01  1.9750000000E+01  5.61131E-10  7.95677E+00
  1.9750000000E+01  2.0000000000E+01  4.29665E-10  8.99997E+00
  2.0000000000E+01  2.0250000000E+01  4.05229E-10  9.20868E+00
  2.0250000000E+01  2.0500000000E+01  4.11380E-10  9.78259E+00
  2.0500000000E+01  2.0750000000E+01  4.35580E-10  8.53740E+00
  2.0750000000E+01  2.1000000000E+01  5.31152E-10  8.55326E+00
  2.1000000000E+01  2.1250000000E+01  5.15015E-10  8.58518E+00
  2.1250000000E+01  2.1500000000E+01  4.83657E-10  8.98532E+00
  2.1500000000E+01  2.1750000000E+01  4.48876E-10  8.52230E+00
  2.1750000000E+01  2.2000000000E+01  6.09440E-10  7.47720E+00
  2.2000000000E+01  2.2250000000E+01  4.02319E-10  9.36710E+00
  2.2250000000E+01  2.2500000000E+01  4.73582E-10  8.66875E+00
  2.2500000000E+01  2.2750000000E+01  4.66389E-10  8.78963E+00
  2.2750000000E+01  2.3000000000E+01  4.65793E-10  9.10049E+00
  2.3000000000E+01  2.3250000000E+01  4.10033E-10  9.46222E+00
  2.3250000000E+01  2.3500000000E+01  2.99608E-10  1.10474E+01
  2.3500000000E+01  2.3750000000E+01  2.87572E-10  1.04040E+01
  2.3750000000E+01  2.4000000000E+01  4.32721E-10  9.04400E+00
  2.4000000000E+01  2.4250000000E+01  3.06166E-10  1.05930E+01
  2.4250000000E+01  2.4500000000E+01  4.57548E-10  8.33869E+00
  2.4500000000E+01  2.4750000000E+01  5.14605E-10  8.47718E+00
  2.4750000000E+01  2.5000000000E+01  4.41847E-10  9.26354E+00
  2.5000000000E+01  2.5250000000E+01  3.76006E-10  1.09617E+01
  2.5250000000E+01  2.5500000000E+01  2.35947E-10  1.28547E+01
  2.5500000000E+01  2.5750000000E+01  3.24028E-10  9.36758E+00
  2.5750000000E+01  2.6000000000E+01  3.38713E-10  9.64146E+00
  2.6000000000E+01  2.6250000000E+01  3.93894E-10  9.48250E+00
  2.6250000000E+01  2.6500000000E+01  2.25042E-10  1.28192E+01
  2.6500000000E+01  2.6750000000E+01  3.39812E-10  1.05798E+01
  2.6750000000E+01  2.7000000000E+01  3.74988E-10  9.93511E+00
  2.7000000000E+01  2.7250000000E+01  2.85910E-10  1.10352E+01
  2.7250000000E+01  2.7500000000E+01  3.46775E-10  1.06401E+01
  2.7500000000E+01  2.7750000000E+01  3.24814E-10  1.04679E+01
  2.7750000000E+01  2.8000000000E+01  3.39273E-10  9.91845E+00
  2.8000000000E+01  2.8250000000E+01  3.43865E-10  1.01186E+01
  2.8250000000E+01  2.8500000000E+01  2.43858E-10  1.21412E+01
  2.8500000000E+01  2.8750000000E+01  4.23130E-10  8.69729E+00
  2.8750000000E+01  2.9000000000E+01  3.98157E-10  8.96904E+00
  2.9000000000E+01  2.9250000000E+01  2.04542E-10  1.22381E+01
  2.9250000000E+01  2.9500000000E+01  2.11531E-10  1.28970E+01
  2.9500000000E+01  2.9750000000E+01  3.31627E-10  1.07665E+01
  2.9750000000E+01  3.0000000000E+01  3.34646E-10  1.12082E+01
  3.0000000000E+01  3.0250000000E+01  3.42537E-10  9.33083E+00
  3.0250000000E+01  3.0500000000E+01  4.22128E-10  9.15324E+00
  3.0500000000E+01  3.0750000000E+01  4.19868E-10  9.01662E+00
  3.0750000000E+01  3.1000000000E+01  3.53078E-10  9.42614E+00
  3.1000000000E+01  3.1000000000E+01  3.53078E-10  9.42614E+00
