# Detector n: 1D Projection
  0.0000000000E+00  3.3112582781E-02  2.50424E-10  1.00000E+02
  3.3112582781E-02  6.6225165563E-02  9.56252E-10  4.70597E+01
  6.6225165563E-02  9.9337748344E-02  1.41729E-09  4.38203E+01
  9.9337748344E-02  1.3245033113E-01  1.55880E-09  4.28968E+01
  1.3245033113E-01  1.6556291391E-01  1.17890E-09  4.16384E+01
  1.6556291391E-01  1.9867549669E-01  2.60986E-10  9.21616E+01
  1.9867549669E-01  2.3178807947E-01  4.08841E-11  1.00000E+02
  2.3178807947E-01  2.6490066225E-01  2.33880E-10  9.23108E+01
  2.6490066225E-01  2.9801324503E-01  1.00233E-09  5.24619E+01
  2.9801324503E-01  3.3112582781E-01  9.98521E-10  5.67768E+01
  3.3112582781E-01  3.6423841060E-01  1.25719E-09  6.95562E+01
  3.6423841060E-01  3.9735099338E-01  0.00000E+00  0.00000E+00
  3.9735099338E-01  4.3046357616E-01  0.00000E+00  0.00000E+00
  4.3046357616E-01  4.6357615894E-01  7.98311E-10  6.53719E+01
  4.6357615894E-01  4.9668874172E-01  0.00000E+00  0.00000E+00
  4.9668874172E-01  5.2980132450E-01  6.89929E-10  6.39410E+01
  5.2980132450E-01  5.6291390728E-01  4.00389E-10  9.71350E+01
  5.6291390728E-01  5.9602649007E-01  1.11609E-09  4.26012E+01
  5.9602649007E-01  6.2913907285E-01  1.63123E-09  3.86333E+01
  6.2913907285E-01  6.6225165563E-01  1.04332E-09  4.81581E+01
  6.6225165563E-01  6.9536423841E-01  3.91162E-10  5.56150E+01
  6.9536423841E-01  7.2847682119E-01  8.86055E-10  6.56684E+01
  7.2847682119E-01  7.6158940397E-01  0.00000E+00  0.00000E+00
  7.6158940397E-01  7.9470198675E-01  0.00000E+00  0.00000E+00
  7.9470198675E-01  8.2781456954E-01  0.00000E+00  0.00000E+00
  8.2781456954E-01  8.6092715232E-01  0.00000E+00  0.00000E+00
  8.6092715232E-01  8.9403973510E-01  0.00000E+00  0.00000E+00
  8.9403973510E-01  9.2715231788E-01  0.00000E+00  0.00000E+00
  9.2715231788E-01  9.6026490066E-01  1.78946E-10  1.00000E+02
  9.6026490066E-01  9.9337748344E-01  0.00000E+00  0.00000E+00
  9.9337748344E-01  1.0264900662E+00  4.57718E-10  5.90388E+01
  1.0264900662E+00  1.0596026490E+00  1.17255E-09  4.74245E+01
  1.0596026490E+00  1.0927152318E+00  1.39108E-09  3.52663E+01
  1.0927152318E+00  1.1258278146E+00  1.69808E-09  3.62884E+01
  1.1258278146E+00  1.1589403974E+00  3.18615E-10  6.64211E+01
  1.1589403974E+00  1.1920529801E+00  1.02627E-09  6.22859E+01
  1.1920529801E+00  1.2251655629E+00  6.25873E-12  1.00000E+02
  1.2251655629E+00  1.2582781457E+00  3.71915E-10  9.27144E+01
  1.2582781457E+00  1.2913907285E+00  3.13020E-10  5.83747E+01
  1.2913907285E+00  1.3245033113E+00  1.98402E-10  1.00000E+02
  1.3245033113E+00  1.3576158940E+00  2.07860E-10  1.00000E+02
  1.3576158940E+00  1.3907284768E+00  2.26894E-10  9.96113E+01
  1.3907284768E+00  1.4238410596E+00  5.26196E-10  6.58525E+01
  1.4238410596E+00  1.4569536424E+00  1.44440E-10  1.00000E+02
  1.4569536424E+00  1.4900662252E+00  1.54099E-10  8.18210E+01
  1.4900662252E+00  1.5231788079E+00  1.96592E-10  1.00000E+02
  1.5231788079E+00  1.5562913907E+00  1.45035E-09  7.11510E+01
  1.5562913907E+00  1.5894039735E+00  4.64243E-11  1.00000E+02
  1.5894039735E+00  1.6225165563E+00  1.11449E-10  1.00000E+02
  1.6225165563E+00  1.6556291391E+00  0.00000E+00  0.00000E+00
  1.6556291391E+00  1.6887417219E+00  0.00000E+00  0.00000E+00
  1.6887417219E+00  1.7218543046E+00  5.82336E-10  6.45403E+01
  1.7218543046E+00  1.7549668874E+00  1.51577E-09  4.40695E+01
  1.7549668874E+00  1.7880794702E+00  9.93860E-10  5.63557E+01
  1.7880794702E+00  1.8211920530E+00  2.03000E-10  9.43701E+01
  1.8211920530E+00  1.8543046358E+00  5.20565E-10  6.89021E+01
  1.8543046358E+00  1.8874172185E+00  5.08401E-10  7.09014E+01
  1.8874172185E+00  1.9205298013E+00  5.82019E-10  8.00813E+01
  1.9205298013E+00  1.9536423841E+00  3.29563E-10  9.75394E+01
  1.9536423841E+00  1.9867549669E+00  9.74029E-10  8.04340E+01
  1.9867549669E+00  2.0198675497E+00  0.00000E+00  0.00000E+00
  2.0198675497E+00  2.0529801325E+00  0.00000E+00  0.00000E+00
  2.0529801325E+00  2.0860927152E+00  0.00000E+00  0.00000E+00
  2.0860927152E+00  2.1192052980E+00  3.12253E-10  1.00000E+02
  2.1192052980E+00  2.1523178808E+00  1.33339E-09  5.33858E+01
  2.1523178808E+00  2.1854304636E+00  6.35779E-10  7.12112E+01
  2.1854304636E+00  2.2185430464E+00  5.77468E-10  9.89932E+01
  2.2185430464E+00  2.2516556291E+00  2.86898E-10  9.30059E+01
  2.2516556291E+00  2.2847682119E+00  0.00000E+00  0.00000E+00
  2.2847682119E+00  2.3178807947E+00  0.00000E+00  0.00000E+00
  2.3178807947E+00  2.3509933775E+00  2.02561E-10  5.77074E+01
  2.3509933775E+00  2.3841059603E+00  0.00000E+00  0.00000E+00
  2.3841059603E+00  2.4172185430E+00  0.00000E+00  0.00000E+00
  2.4172185430E+00  2.4503311258E+00  1.59099E-10  7.33288E+01
  2.4503311258E+00  2.4834437086E+00  4.56648E-10  6.29156E+01
  2.4834437086E+00  2.5165562914E+00  9.82053E-10  5.23582E+01
  2.5165562914E+00  2.5496688742E+00  9.52429E-10  4.91678E+01
  2.5496688742E+00  2.5827814570E+00  2.13608E-09  3.50928E+01
  2.5827814570E+00  2.6158940397E+00  1.33897E-09  4.71648E+01
  2.6158940397E+00  2.6490066225E+00  7.92817E-10  4.88509E+01
  2.6490066225E+00  2.6821192053E+00  2.81293E-09  3.34478E+01
  2.6821192053E+00  2.7152317881E+00  2.27722E-09  4.87228E+01
  2.7152317881E+00  2.7483443709E+00  2.68801E-09  4.13232E+01
  2.7483443709E+00  2.7814569536E+00  2.05961E-09  4.33698E+01
  2.7814569536E+00  2.8145695364E+00  1.76142E-09  3.79093E+01
  2.8145695364E+00  2.8476821192E+00  6.63129E-10  5.79474E+01
  2.8476821192E+00  2.8807947020E+00  3.27771E-11  1.00000E+02
  2.8807947020E+00  2.9139072848E+00  0.00000E+00  0.00000E+00
  2.9139072848E+00  2.9470198675E+00  0.00000E+00  0.00000E+00
  2.9470198675E+00  2.9801324503E+00  0.00000E+00  0.00000E+00
  2.9801324503E+00  3.0132450331E+00  0.00000E+00  0.00000E+00
  3.0132450331E+00  3.0463576159E+00  4.64364E-11  1.00000E+02
  3.0463576159E+00  3.0794701987E+00  2.13928E-10  8.96236E+01
  3.0794701987E+00  3.1125827815E+00  1.15594E-09  6.67821E+01
  3.1125827815E+00  3.1456953642E+00  2.11454E-10  1.00000E+02
  3.1456953642E+00  3.1788079470E+00  2.67992E-10  1.00000E+02
  3.1788079470E+00  3.2119205298E+00  2.60207E-10  8.59150E+01
  3.2119205298E+00  3.2450331126E+00  8.16888E-10  6.77983E+01
  3.2450331126E+00  3.2781456954E+00  0.00000E+00  0.00000E+00
  3.2781456954E+00  3.3112582781E+00  0.00000E+00  0.00000E+00
  3.3112582781E+00  3.3443708609E+00  8.46186E-10  7.09929E+01
  3.3443708609E+00  3.3774834437E+00  1.44692E-10  6.80778E+01
  3.3774834437E+00  3.4105960265E+00  0.00000E+00  0.00000E+00
  3.4105960265E+00  3.4437086093E+00  0.00000E+00  0.00000E+00
  3.4437086093E+00  3.4768211921E+00  2.25494E-12  1.00000E+02
  3.4768211921E+00  3.5099337748E+00  0.00000E+00  0.00000E+00
  3.5099337748E+00  3.5430463576E+00  0.00000E+00  0.00000E+00
  3.5430463576E+00  3.5761589404E+00  0.00000E+00  0.00000E+00
  3.5761589404E+00  3.6092715232E+00  0.00000E+00  0.00000E+00
  3.6092715232E+00  3.6423841060E+00  0.00000E+00  0.00000E+00
  3.6423841060E+00  3.6754966887E+00  0.00000E+00  0.00000E+00
  3.6754966887E+00  3.7086092715E+00  4.32707E-12  1.00000E+02
  3.7086092715E+00  3.7417218543E+00  0.00000E+00  0.00000E+00
  3.7417218543E+00  3.7748344371E+00  7.81033E-11  1.00000E+02
  3.7748344371E+00  3.8079470199E+00  0.00000E+00  0.00000E+00
  3.8079470199E+00  3.8410596026E+00  0.00000E+00  0.00000E+00
  3.8410596026E+00  3.8741721854E+00  0.00000E+00  0.00000E+00
  3.8741721854E+00  3.9072847682E+00  0.00000E+00  0.00000E+00
  3.9072847682E+00  3.9403973510E+00  0.00000E+00  0.00000E+00
  3.9403973510E+00  3.9735099338E+00  0.00000E+00  0.00000E+00
  3.9735099338E+00  4.0066225166E+00  0.00000E+00  0.00000E+00
  4.0066225166E+00  4.0397350993E+00  0.00000E+00  0.00000E+00
  4.0397350993E+00  4.0728476821E+00  1.17704E-10  1.00000E+02
  4.0728476821E+00  4.1059602649E+00  0.00000E+00  0.00000E+00
  4.1059602649E+00  4.1390728477E+00  0.00000E+00  0.00000E+00
  4.1390728477E+00  4.1721854305E+00  4.28999E-10  8.07976E+01
  4.1721854305E+00  4.2052980132E+00  2.67684E-10  7.30829E+01
  4.2052980132E+00  4.2384105960E+00  7.91532E-10  6.64606E+01
  4.2384105960E+00  4.2715231788E+00  0.00000E+00  0.00000E+00
  4.2715231788E+00  4.3046357616E+00  7.28757E-10  8.14099E+01
  4.3046357616E+00  4.3377483444E+00  0.00000E+00  0.00000E+00
  4.3377483444E+00  4.3708609272E+00  0.00000E+00  0.00000E+00
  4.3708609272E+00  4.4039735099E+00  0.00000E+00  0.00000E+00
  4.4039735099E+00  4.4370860927E+00  0.00000E+00  0.00000E+00
  4.4370860927E+00  4.4701986755E+00  0.00000E+00  0.00000E+00
  4.4701986755E+00  4.5033112583E+00  0.00000E+00  0.00000E+00
  4.5033112583E+00  4.5364238411E+00  0.00000E+00  0.00000E+00
  4.5364238411E+00  4.5695364238E+00  0.00000E+00  0.00000E+00
  4.5695364238E+00  4.6026490066E+00  0.00000E+00  0.00000E+00
  4.6026490066E+00  4.6357615894E+00  0.00000E+00  0.00000E+00
  4.6357615894E+00  4.6688741722E+00  0.00000E+00  0.00000E+00
  4.6688741722E+00  4.7019867550E+00  0.00000E+00  0.00000E+00
  4.7019867550E+00  4.7350993377E+00  0.00000E+00  0.00000E+00
  4.7350993377E+00  4.7682119205E+00  0.00000E+00  0.00000E+00
  4.7682119205E+00  4.8013245033E+00  0.00000E+00  0.00000E+00
  4.8013245033E+00  4.8344370861E+00  8.37829E-12  1.00000E+02
  4.8344370861E+00  4.8675496689E+00  0.00000E+00  0.00000E+00
  4.8675496689E+00  4.9006622517E+00  0.00000E+00  0.00000E+00
  4.9006622517E+00  4.9337748344E+00  0.00000E+00  0.00000E+00
  4.9337748344E+00  4.9668874172E+00  0.00000E+00  0.00000E+00
  4.9668874172E+00  5.0000000000E+00  2.36595E-10  1.00000E+02
  5.0000000000E+00  5.0000000000E+00  2.36595E-10  1.00000E+02
